7856.40646055 70986.1395357 0
1856.40646055 57569.7316707 1
7856.40646055 44153.3238057 2
1856.40646055 30736.9159407 3
7856.40646055 17320.5080757 4
1856.40646055 3904.10021069 5
7856.40646055 -9512.30765431 6
1856.40646055 -22928.7155193 7
7856.40646055 -36345.1233843 8
1856.40646055 -49761.5312493 9
7856.40646055 -63177.9391143 10
1856.40646055 -76594.3469793 11
7856.40646055 -90010.7548443 12
1856.40646055 -103427.162709 13
7856.40646055 -116843.570574 14
19856.4064606 70986.1395357 15
13856.4064606 57569.7316707 16
19856.4064606 44153.3238057 17
13856.4064606 30736.9159407 18
19856.4064606 17320.5080757 19
13856.4064606 3904.10021069 20
19856.4064606 -9512.30765431 21
13856.4064606 -22928.7155193 22
19856.4064606 -36345.1233843 23
13856.4064606 -49761.5312493 24
19856.4064606 -63177.9391143 25
13856.4064606 -76594.3469793 26
19856.4064606 -90010.7548443 27
13856.4064606 -103427.162709 28
19856.4064606 -116843.570574 29
31856.4064606 70986.1395357 30
25856.4064606 57569.7316707 31
31856.4064606 44153.3238057 32
25856.4064606 30736.9159407 33
31856.4064606 17320.5080757 34
25856.4064606 3904.10021069 35
31856.4064606 -9512.30765431 36
25856.4064606 -22928.7155193 37
31856.4064606 -36345.1233843 38
25856.4064606 -49761.5312493 39
31856.4064606 -63177.9391143 40
25856.4064606 -76594.3469793 41
31856.4064606 -90010.7548443 42
25856.4064606 -103427.162709 43
31856.4064606 -116843.570574 44
43856.4064606 70986.1395357 45
37856.4064606 57569.7316707 46
43856.4064606 44153.3238057 47
37856.4064606 30736.9159407 48
43856.4064606 17320.5080757 49
37856.4064606 3904.10021069 50
43856.4064606 -9512.30765431 51
37856.4064606 -22928.7155193 52
43856.4064606 -36345.1233843 53
37856.4064606 -49761.5312493 54
43856.4064606 -63177.9391143 55
37856.4064606 -76594.3469793 56
43856.4064606 -90010.7548443 57
37856.4064606 -103427.162709 58
43856.4064606 -116843.570574 59
55856.4064606 70986.1395357 60
49856.4064606 57569.7316707 61
55856.4064606 44153.3238057 62
49856.4064606 30736.9159407 63
55856.4064606 17320.5080757 64
49856.4064606 3904.10021069 65
55856.4064606 -9512.30765431 66
49856.4064606 -22928.7155193 67
55856.4064606 -36345.1233843 68
49856.4064606 -49761.5312493 69
55856.4064606 -63177.9391143 70
49856.4064606 -76594.3469793 71
55856.4064606 -90010.7548443 72
49856.4064606 -103427.162709 73
55856.4064606 -116843.570574 74
67856.4064606 70986.1395357 75
61856.4064606 57569.7316707 76
67856.4064606 44153.3238057 77
61856.4064606 30736.9159407 78
67856.4064606 17320.5080757 79
61856.4064606 3904.10021069 80
67856.4064606 -9512.30765431 81
61856.4064606 -22928.7155193 82
67856.4064606 -36345.1233843 83
61856.4064606 -49761.5312493 84
67856.4064606 -63177.9391143 85
61856.4064606 -76594.3469793 86
67856.4064606 -90010.7548443 87
61856.4064606 -103427.162709 88
67856.4064606 -116843.570574 89
79856.4064606 70986.1395357 90
73856.4064606 57569.7316707 91
79856.4064606 44153.3238057 92
73856.4064606 30736.9159407 93
79856.4064606 17320.5080757 94
73856.4064606 3904.10021069 95
79856.4064606 -9512.30765431 96
73856.4064606 -22928.7155193 97
79856.4064606 -36345.1233843 98
73856.4064606 -49761.5312493 99
79856.4064606 -63177.9391143 100
73856.4064606 -76594.3469793 101
79856.4064606 -90010.7548443 102
73856.4064606 -103427.162709 103
79856.4064606 -116843.570574 104
91856.4064606 70986.1395357 105
85856.4064606 57569.7316707 106
91856.4064606 44153.3238057 107
85856.4064606 30736.9159407 108
91856.4064606 17320.5080757 109
85856.4064606 3904.10021069 110
91856.4064606 -9512.30765431 111
85856.4064606 -22928.7155193 112
91856.4064606 -36345.1233843 113
85856.4064606 -49761.5312493 114
91856.4064606 -63177.9391143 115
85856.4064606 -76594.3469793 116
91856.4064606 -90010.7548443 117
85856.4064606 -103427.162709 118
91856.4064606 -116843.570574 119
103856.406461 70986.1395357 120
97856.4064606 57569.7316707 121
103856.406461 44153.3238057 122
97856.4064606 30736.9159407 123
103856.406461 17320.5080757 124
97856.4064606 3904.10021069 125
103856.406461 -9512.30765431 126
97856.4064606 -22928.7155193 127
103856.406461 -36345.1233843 128
97856.4064606 -49761.5312493 129
103856.406461 -63177.9391143 130
97856.4064606 -76594.3469793 131
103856.406461 -90010.7548443 132
97856.4064606 -103427.162709 133
103856.406461 -116843.570574 134
115856.406461 70986.1395357 135
109856.406461 57569.7316707 136
115856.406461 44153.3238057 137
109856.406461 30736.9159407 138
115856.406461 17320.5080757 139
109856.406461 3904.10021069 140
115856.406461 -9512.30765431 141
109856.406461 -22928.7155193 142
115856.406461 -36345.1233843 143
109856.406461 -49761.5312493 144
115856.406461 -63177.9391143 145
109856.406461 -76594.3469793 146
115856.406461 -90010.7548443 147
109856.406461 -103427.162709 148
115856.406461 -116843.570574 149
127856.406461 70986.1395357 150
121856.406461 57569.7316707 151
127856.406461 44153.3238057 152
121856.406461 30736.9159407 153
127856.406461 17320.5080757 154
121856.406461 3904.10021069 155
127856.406461 -9512.30765431 156
121856.406461 -22928.7155193 157
127856.406461 -36345.1233843 158
121856.406461 -49761.5312493 159
127856.406461 -63177.9391143 160
121856.406461 -76594.3469793 161
127856.406461 -90010.7548443 162
121856.406461 -103427.162709 163
127856.406461 -116843.570574 164
139856.406461 70986.1395357 165
133856.406461 57569.7316707 166
139856.406461 44153.3238057 167
133856.406461 30736.9159407 168
139856.406461 17320.5080757 169
133856.406461 3904.10021069 170
139856.406461 -9512.30765431 171
133856.406461 -22928.7155193 172
139856.406461 -36345.1233843 173
133856.406461 -49761.5312493 174
139856.406461 -63177.9391143 175
133856.406461 -76594.3469793 176
139856.406461 -90010.7548443 177
133856.406461 -103427.162709 178
139856.406461 -116843.570574 179
151856.406461 70986.1395357 180
145856.406461 57569.7316707 181
151856.406461 44153.3238057 182
145856.406461 30736.9159407 183
151856.406461 17320.5080757 184
145856.406461 3904.10021069 185
151856.406461 -9512.30765431 186
145856.406461 -22928.7155193 187
151856.406461 -36345.1233843 188
145856.406461 -49761.5312493 189
151856.406461 -63177.9391143 190
145856.406461 -76594.3469793 191
151856.406461 -90010.7548443 192
145856.406461 -103427.162709 193
151856.406461 -116843.570574 194
163856.406461 70986.1395357 195
157856.406461 57569.7316707 196
163856.406461 44153.3238057 197
157856.406461 30736.9159407 198
163856.406461 17320.5080757 199
