0 10321.2645759 66822.6972984 4838.36509496 -112.396520707 12 36 0 6893 0.0002
1 5759.37279853 67700.8819193 10856.9494609 -109.673041898 12 31 2 5977 0.0
2 5933.20013937 52552.0198127 8616.07899057 -129.311482014 12 46 3 8743 0.136
3 4269.70312823 32733.6106793 3132.21817337 -138.492526114 12 36 4 6824 1.0
4 9288.71108972 20900.6017352 3855.97810701 -141.837065944 12 38 4 7135 1.0
5 9126.16099215 1231.59802847 7745.42438242 -146.005948708 12 42 3 7897 1.0
6 17714.7532274 -4224.46509381 11186.9692017 -147.059628431 12 40 5 7412 1.0
7 388.426067808 -26493.6763796 3855.37447847 -150.255638292 12 33 3 6311 1.0
8 8160.72909782 -39912.8946956 3580.72679737 -151.84321283 12 41 3 7714 1.0
9 10527.3689981 -48038.7424353 8840.45206 -152.736925596 12 28 2 5256 1.0
10 13553.3930167 -55486.7726285 9571.29550969 -153.510952901 12 33 4 6185 1.0
11 7061.69115456 -71293.7498064 7429.08602286 -154.981618758 12 23 1 4348 1.0
12 1770.29673541 -83671.8309254 8787.64405489 -156.041801459 12 32 2 6093 1.0
13 10320.7340901 -97405.4268694 10387.7882509 -157.104898554 12 36 4 6814 1.0
14 3002.94218153 -107364.677385 10649.2033317 -157.831899944 12 34 4 6515 1.0
15 29503.8669466 64529.2925684 11608.8055626 -131.803773175 12 39 6 7286 0.2289
16 11418.8621162 52365.1926245 5747.07309102 -129.596681146 12 37 4 6992 0.1451
17 27013.8870958 41875.7175205 7511.12637586 -137.263639194 12 29 3 5306 1.0
18 16170.599505 31491.6437029 2434.15353709 -139.112887919 12 33 5 6097 1.0
19 23819.8481557 17789.6229757 3991.10747292 -143.133849512 12 41 3 7512 1.0
20 12567.1519191 8841.90206536 5103.33855713 -144.584966833 12 29 1 5420 1.0
21 26434.6300104 -6583.5223488 7200.75054679 -147.692569159 12 47 6 8673 1.0
22 11734.0985584 -31659.1020412 8984.64465921 -150.878066795 12 32 4 5977 1.0
23 18860.1902659 -28247.8508192 8158.3251774 -150.520372391 12 39 2 7254 1.0
24 21121.7305608 -40920.9994743 11442.8989486 -152.045005903 12 34 2 6257 1.0
25 28621.5355007 -68739.4949959 10380.6739142 -154.890834757 12 38 4 6984 1.0
26 8605.60565967 -76522.3484454 5251.29439656 -155.436116026 12 46 6 8648 1.0
27 12321.1559979 -88310.5990641 7724.67016854 -156.409204849 12 30 4 5604 1.0
28 6505.23074794 -103496.232224 7351.50018401 -157.551433 12 36 4 6821 1.0
29 17701.4661319 -113416.668959 4048.13815235 -158.265442689 12 45 1 8544 1.0
30 35660.7093349 80946.1754073 10661.8495077 -135.179782373 12 30 3 5773 0.3974
31 22108.704064 51259.5280053 7339.20592107 -132.741766527 12 43 6 7972 0.2715
32 31986.8965695 34725.6661739 9428.56065844 -140.072576737 12 37 4 6772 1.0
33 37304.0973667 30600.6129834 11448.5023291 -141.80574696 12 33 5 6038 1.0
34 26736.310208 17400.0109911 5120.71346096 -143.419647993 12 35 5 6385 1.0
35 26576.0067009 11372.5753131 7503.06236551 -144.617475842 12 37 4 6807 1.0
36 20785.219516 -10375.2081635 11104.7637368 -148.099424933 12 40 3 7372 1.0
37 14290.329998 -23780.941673 11597.4313602 -149.892287325 12 31 4 5776 1.0
38 31819.4187833 -35442.9057382 902.975508635 -151.63641488 12 33 2 6017 1.0
39 15937.7244707 -48643.7847791 9981.46329889 -152.826286604 12 38 6 7036 1.0
40 30504.6949185 -66377.2689406 3473.15928669 -154.70742639 12 26 3 4760 1.0
41 28516.6381712 -74720.6935352 3253.83004829 -155.406530452 12 32 7 5849 1.0
42 37803.8945242 -91931.1786328 6249.85134177 -156.896578413 12 37 2 6760 1.0
43 21337.4007537 -103153.359987 4527.29284555 -157.563909052 12 40 3 7456 1.0
44 42858.7881513 -112494.301171 11830.8303686 -158.409467417 12 30 3 5631 1.0
45 47305.3749576 72704.5226907 3853.33937787 -138.837231544 12 27 2 5116 1.0
46 29027.9559961 65433.9113915 11823.1493387 -131.405936914 12 36 5 6776 0.2121
47 38240.2520058 40234.3157277 6848.3439732 -139.978098927 12 49 9 8975 1.0
48 37104.4054326 31987.4100703 1459.19193881 -141.490951449 12 31 2 5664 1.0
49 44519.1893074 23671.5030878 6385.48500478 -144.076548034 12 37 5 6818 1.0
50 37028.4170468 10356.3310247 6505.1401942 -145.549484436 12 40 6 7345 1.0
51 38426.2099588 -6791.79864667 6073.56594669 -148.279699962 12 45 7 8238 1.0
52 35483.9320099 -19340.2984481 4301.78708168 -149.822065168 12 35 7 6375 1.0
53 37633.8172476 -45838.532824 11351.010497 -152.895147547 12 47 5 8579 1.0
54 32510.0110511 -43445.9801029 8274.66797867 -152.523862206 12 30 1 5474 1.0
55 38096.1159181 -61706.4310467 5945.27401611 -154.421652339 12 42 7 7633 1.0
56 28915.3398307 -75913.8639399 8966.92420207 -155.511994842 12 32 5 5854 1.0
57 47238.95492 -91624.2202803 3747.6532382 -157.022502891 12 42 6 7709 1.0
58 33840.8111948 -114225.908748 11521.1944412 -158.425411971 12 39 2 7327 1.0
59 34923.1138609 -112777.67381 9815.05135848 -158.338955772 12 34 0 6396 1.0
60 54627.9169845 77950.5110375 7071.89202468 -141.107817255 12 40 6 7689 1.0
61 47888.9151255 65993.9907001 8650.96308794 -139.107404865 12 37 4 6965 1.0
62 48422.7230977 39957.0754426 8536.28424219 -142.077755713 12 29 4 5325 1.0
63 42578.6153465 39646.8925745 11504.5176828 -140.970313692 12 34 6 6202 1.0
64 58492.4783924 8149.67592126 9542.17153663 -147.839537584 12 35 9 6433 1.0
65 47960.1683432 -1749.7249506 5963.34285047 -148.202492951 12 35 6 6417 1.0
66 52706.1181806 -2680.88552273 7522.80829122 -148.676651807 12 34 5 6195 1.0
67 45687.400205 -33073.2735039 10967.8015054 -151.823138629 12 33 5 6034 1.0
68 50690.9693292 -44303.5095579 9487.76323726 -153.146469035 12 31 7 5673 1.0
69 43325.8384421 -57327.0039187 9994.23310491 -154.143816886 12 42 8 7728 1.0
70 57940.1648258 -62773.9530476 2122.55828352 -155.029942507 12 24 5 4400 1.0
71 40810.8066815 -70638.1570099 10830.4697181 -155.255305316 12 30 5 5473 1.0
72 60876.9115689 -96395.7551209 8122.41959489 -157.629941811 12 35 5 6420 1.0
73 49652.2794061 -105630.264704 2212.53841882 -158.047300025 12 32 5 5914 1.0
74 49206.3031385 -122617.927674 8807.21715999 -159.141678978 12 36 4 6864 1.0
75 75402.3441319 68473.5693629 7953.24991518 -145.607345494 12 44 4 8289 1.0
76 52048.5440797 60577.1361822 10258.5889077 -140.595284414 12 32 5 5923 1.0
77 71632.1127505 36717.0987798 8339.86814183 -146.47261604 12 27 5 4970 1.0
78 56259.6772561 37445.3151954 8736.47516729 -143.871159213 12 39 9 7155 1.0
79 68374.8632229 19484.6138128 2225.34290747 -147.645564964 12 36 5 6597 1.0
80 68752.0023447 -3521.70369211 10133.6965714 -150.055910304 12 42 5 7708 1.0
81 71343.9101987 -4222.97360599 6335.59286874 -150.340053093 12 48 6 8810 1.0
82 59612.3120303 -16895.6956359 6436.86948179 -150.788388408 12 36 5 6601 1.0
83 74747.5016678 -38847.5991979 7331.41039318 -153.708213607 12 34 3 6210 1.0
84 59292.0692048 -58512.2332848 9118.69572226 -154.718400368 12 29 4 5317 1.0
85 65311.6362301 -66864.2969797 4479.40730871 -155.591766817 12 36 8 6587 1.0
86 62471.973338 -72973.6145166 3672.68650268 -155.976042914 12 39 6 7121 1.0
87 71150.8487833 -92883.0064642 4370.71842906 -157.636354894 12 44 5 8048 1.0
88 58930.9726987 -97802.4240456 6340.01953698 -157.684919488 12 45 4 8276 1.0
89 60831.7295528 -108028.05381 11272.063763 -158.402646228 12 34 3 6328 1.0
90 77176.8873604 67787.2611523 4172.84621329 -145.938641306 12 46 5 8677 1.0
91 64032.7330614 56401.7901417 9892.85835684 -143.688058316 12 33 7 6079 1.0
92 69076.9528054 47545.207664 11300.5087148 -145.221791798 12 34 5 6249 1.0
93 68449.7009277 33942.6352416 6285.62653641 -146.23020991 12 30 4 5507 1.0
94 75212.195066 11537.4553951 7417.03429845 -149.190666453 12 36 6 6593 1.0
95 72817.3583867 7388.817449 3636.32714848 -149.339934743 12 40 4 7335 1.0
96 71405.5040489 -2927.01521719 10713.7214848 -150.218341033 12 40 8 7343 1.0
97 76754.9224944 -25963.1834647 4196.35447857 -152.724526909 12 39 7 7133 1.0
98 77947.67025 -25476.8241432 11034.6364832 -152.756369314 12 31 4 5662 1.0
99 79476.9146222 -49395.9955576 5632.38211927 -154.784830889 12 32 6 5819 1.0
100 71757.5010028 -69855.7738445 10496.9398539 -156.032243179 12 41 4 7535 1.0
101 75151.3419149 -84336.1889801 7849.3933139 -157.169366052 12 39 2 7131 1.0
102 86274.0680927 -93252.6964332 7190.03241236 -158.082278202 12 40 5 7322 1.0
103 62377.4629979 -101772.043492 11597.6533248 -158.023873462 12 33 8 6066 1.0
104 79163.0284138 -115756.338812 1289.51387005 -159.263417998 12 20 0 3780 1.0
105 90322.2932213 75102.8618129 4393.27961079 -148.127889426 12 36 4 6848 1.0
106 94413.0717896 60284.1182838 8976.88232291 -148.817515015 12 42 7 7782 1.0
107 86199.8956339 43076.1808081 5758.15524007 -148.218765821 12 35 8 6381 1.0
108 89156.2149058 27745.9984781 4453.57418744 -149.501531251 12 40 6 7334 1.0
109 101743.23373 14707.0331804 10226.4169915 -151.678974291 12 31 7 5645 1.0
110 85359.9810125 -6459.1935109 10375.1768653 -151.690793249 12 30 2 5497 1.0
111 91499.5507233 -6165.25554617 3366.02195949 -152.167448928 12 38 7 6919 1.0
112 94998.6202454 -25144.1376192 9406.81497474 -153.820274047 12 33 8 6024 1.0
113 101898.389155 -37547.6831408 10113.7315769 -155.098510104 12 37 7 6773 1.0
114 88141.7752643 -54398.3793861 5169.45560116 -155.553015732 12 28 4 5136 1.0
115 98487.092035 -64610.9602805 6783.77040079 -156.701161084 12 41 6 7472 1.0
116 84761.7280082 -80721.2340412 4269.60393194 -157.229715822 12 39 5 7115 1.0
117 86362.7515476 -88896.1928744 5605.57692725 -157.810704271 12 41 3 7482 1.0
118 83978.7964513 -105362.246021 2696.28759044 -158.761011228 12 32 2 5922 1.0
119 100271.635372 -118797.019748 8638.98381223 -159.949714131 12 36 2 6833 1.0
120 97965.7567859 80573.7640935 11252.6573863 -149.299476616 12 27 2 5172 1.0
121 91163.8860876 64249.436596 9455.59553025 -148.281141382 12 36 1 6731 1.0
122 112251.191176 45738.9787472 8543.22608905 -151.439892225 12 30 8 5484 1.0
123 93623.4162605 41882.6795377 11922.5103143 -149.292857932 12 36 4 6580 1.0
124 100200.320878 12360.2552676 6162.0669998 -151.669674881 12 28 4 5141 1.0
125 91733.5497605 6847.36035029 6793.53769536 -151.22527036 12 39 8 7133 1.0
126 112551.576488 -1894.05804227 11560.4372306 -153.60638672 12 46 11 8400 1.0
127 108868.835678 -24506.7351225 11124.915422 -154.688145732 12 25 3 4584 1.0
128 97647.9934391 -29531.3926702 9217.9888527 -154.299625408 12 45 6 8281 1.0
129 103963.989893 -42388.5009363 9574.13971995 -155.531234023 12 32 2 5888 1.0
130 108977.396412 -63755.0386026 5153.4048848 -157.109081864 12 33 4 6011 1.0
131 94958.6715733 -70774.9649751 6500.92873273 -156.952354455 12 39 8 7133 1.0
132 106446.482785 -80491.6496087 9865.18422795 -157.994559828 12 38 5 6975 1.0
133 96017.5480442 -113287.982664 10030.8110563 -159.53666208 12 27 4 5076 1.0
134 108121.811187 -121586.450096 6378.76035231 -160.30405561 12 38 2 7235 1.0
135 115663.140728 64976.4555163 6012.79083758 -151.506529513 12 43 1 8062 1.0
136 101288.881714 55052.6390742 8929.62683551 -149.86522376 12 26 5 4814 1.0
137 116642.069147 52677.4712392 8560.27775977 -151.776729264 12 40 6 7349 1.0
138 115641.633882 33607.9115467 6458.44192379 -152.199597778 12 39 6 7165 1.0
139 109525.432884 18838.2438525 6510.35700403 -152.219504388 12 37 5 6743 1.0
140 115290.708108 12295.7880555 9997.60267674 -153.08799179 12 38 9 6976 1.0
141 124689.137332 -2731.60837451 11135.3049966 -154.61003047 12 35 4 6419 1.0
142 101935.585611 -21295.4271779 8087.4615134 -154.016189962 12 36 5 6569 1.0
143 111159.351098 -46258.9514582 10970.2468595 -156.162033268 12 46 5 8424 1.0
144 116798.550379 -42455.8712378 10077.9973399 -156.2439145 12 34 7 6243 1.0
145 108602.613057 -55314.8136689 10697.9559036 -156.58196474 12 26 8 4767 1.0
146 115832.398303 -86546.1946934 11608.2622051 -158.689235468 12 33 4 6032 1.0
147 127138.803001 -87410.8549352 11578.0806364 -159.161819478 12 32 5 5880 1.0
148 98072.2577852 -105039.703914 11893.9669219 -159.13068696 12 38 3 7019 1.0
149 114549.204445 -112595.620682 4444.53095318 -160.02381134 12 26 4 4884 1.0
150 132230.062065 76644.2732161 7151.45720065 -153.30040329 12 40 2 7629 1.0
151 125862.210219 64403.5335528 7921.32008679 -152.645022301 12 39 4 7283 1.0
152 136114.165788 43955.176254 8260.13629231 -153.948362099 12 46 7 8393 1.0
153 125140.716168 39943.0528419 9774.43844432 -152.974616555 12 32 5 5848 1.0
154 127639.833973 16334.046754 1009.95523735 -154.00462723 12 38 4 6983 1.0
155 124496.772011 6740.93540878 3875.4566417 -154.147396786 12 41 11 7510 1.0
156 132502.227122 -1942.622034 8881.65468882 -155.16886389 12 40 9 7442 1.0
157 123935.241141 -13105.7804729 10040.498322 -155.074728283 12 38 9 6990 1.0
158 125131.073855 -25771.3263771 10919.3690733 -155.816818434 12 40 3 7334 1.0
159 115724.192885 -57820.5102722 10126.755958 -157.074812263 12 40 2 7347 1.0
160 118690.621509 -57656.6649469 10700.2842117 -157.208705266 12 47 10 8619 1.0
161 119707.573664 -67658.6007768 9190.48652599 -157.812181112 12 40 2 7337 1.0
162 120583.759202 -95262.8751163 8970.85087897 -159.324397073 12 31 2 5698 1.0
163 129283.85987 -106861.70338 8183.10049864 -160.201306745 12 29 1 5413 1.0
164 122320.300939 -107905.304449 10513.8511339 -160.026397011 12 38 3 7079 1.0
165 149905.318468 72433.7683791 10152.6480196 -154.961613676 12 43 4 8196 1.0
166 139060.278818 64971.4194744 9047.94285219 -153.973933263 12 43 3 8083 1.0
167 150512.660866 40838.3810883 11159.9553393 -155.289836963 12 29 3 5396 1.0
168 139787.311706 26348.3015755 7378.0466981 -154.712833598 12 31 6 5712 1.0
169 149625.268289 21643.9014782 10682.8082416 -155.656154618 12 40 6 7456 1.0
170 141808.672922 -2244.53357721 10052.0763692 -155.868526618 12 33 6 6164 1.0
171 130868.534377 -1910.79412733 11771.3572916 -155.044064958 12 39 9 7180 1.0
172 131008.436681 -22299.4083466 2916.66922771 -156.018755194 12 36 5 6612 1.0
173 131820.555258 -39793.4855947 8744.49006384 -156.94238764 12 39 5 7210 1.0
174 137123.967371 -60361.5885057 11092.2571256 -158.239723299 12 29 5 5367 1.0
175 140862.641872 -66693.5623565 3656.79046222 -158.718707307 12 43 4 8021 1.0
176 140095.764707 -72653.450609 7379.71920418 -158.966907757 12 35 2 6523 1.0
177 139183.483038 -99730.9033992 9743.41387103 -160.203564301 12 33 5 6191 1.0
178 135582.674431 -110040.347649 6834.77989099 -160.558965003 12 34 3 6426 1.0
179 147229.452363 -117359.171829 7391.05205886 -161.263921856 12 31 4 5956 1.0
180 148750.412617 79850.2513039 9392.532949 -154.883019221 12 31 4 6005 1.0
181 147823.370374 57894.8955484 1993.65959561 -154.829850181 12 36 1 6769 1.0
182 148182.774523 55087.6091553 11534.9108241 -154.887617935 12 31 5 5795 1.0
183 153393.41444 32382.027622 7714.45926289 -155.694667882 12 37 1 6942 1.0
184 152066.100833 6521.99128472 10800.5526069 -156.298303735 12 38 5 7200 1.0
185 147551.619928 15432.6037197 11652.4736368 -155.675096767 12 40 9 7437 1.0
186 160031.908953 -16755.0854567 10922.3015568 -157.635665667 12 48 4 9288 1.0
187 140623.745613 -29823.3331516 8655.43134904 -156.976579854 12 36 4 6750 1.0
188 140438.381929 -38809.7663916 11680.9995013 -157.381032508 12 36 3 6717 1.0
189 145979.151755 -50276.0860608 528.992496383 -158.206276251 12 29 5 5468 1.0
190 154161.177208 -67559.3073959 4950.59150188 -159.363876386 12 35 4 6716 1.0
191 147188.306764 -85021.3754088 8531.63328859 -159.834690106 12 35 1 6618 1.0
192 162710.474429 -91745.6317469 10991.8419443 -160.733171501 12 37 4 7166 1.0
193 138570.641945 -96142.1157886 10303.1195868 -160.01436921 12 39 2 7295 1.0
194 146988.670559 -111258.041971 7408.97986125 -160.991048196 12 34 3 6525 1.0
195 160538.604532 72745.9518166 3755.62896171 -155.870960482 12 45 4 8694 1.0
196 162787.516518 47863.7079676 10886.8150771 -156.19300399 12 33 2 6252 1.0
197 165273.211074 40372.1164149 4037.92826144 -156.488520489 12 46 2 8820 1.0
198 162031.547162 33644.3709364 5087.73961914 -156.351661078 12 26 2 4941 1.0
199 165498.883178 5888.67936622 11549.2180432 -157.264290882 12 42 3 8128 1.0
200 -1272.6348971 65938.4996617 10431.5897354 -122.072424703 12 37 2 7161 0.0165
201 749.470149368 51247.9804841 6417.93160306 -130.871804696 12 31 2 5945 0.1907
202 10374.4206337 52825.429119 9030.27164271 -129.175024114 12 38 3 7183 0.1318
203 2895.27349857 31137.7531196 1113.51478061 -139.049032562 12 35 5 6664 1.0
204 2562.79827802 24395.8775752 8836.46655311 -141.001594726 12 40 2 7620 1.0
205 1483.66383203 -801.897579364 4720.73641153 -146.415201067 12 43 2 8188 1.0
206 14142.5298554 371.694713711 11713.6181492 -146.207879979 12 33 4 6146 1.0
207 -3285.16235112 -20918.7547079 5520.47754352 -149.568955469 12 34 2 6519 1.0
208 9081.7668182 -25834.2426705 10582.0660264 -150.134305823 12 31 2 5850 1.0
209 -3606.62213297 -42001.3152298 9490.29156996 -152.142622736 12 34 0 6586 1.0
210 4508.96877367 -65364.2563616 3998.16485069 -154.449090264 12 32 1 6085 1.0
211 700.374881168 -68583.7160448 8093.61581625 -154.755750179 12 26 1 4963 1.0
212 18791.7727608 -89343.3507436 10955.7137766 -156.514876175 12 48 4 8869 1.0
213 9318.78732195 -94816.204781 11394.5480192 -156.908879453 12 24 1 4501 1.0
214 -650.011400484 -118731.551466 8713.41590152 -158.618034517 12 30 3 5846 1.0
215 15842.8443175 70732.2605647 4021.58371892 -118.714860975 12 31 2 5938 0.0045
216 10313.96193 67104.2711644 10171.3497929 -111.74488647 12 31 6 5924 0.0002
217 11969.9539777 40345.5448583 8757.58604161 -135.755366785 12 26 1 4856 0.4294
218 14676.833161 21537.4112513 9236.01572651 -141.789435894 12 47 2 8767 1.0
219 14090.4611382 11551.6650788 8156.32729745 -144.056277695 12 50 7 9339 1.0
220 11430.3334308 11455.5333031 7931.58068073 -144.030385017 12 20 3 3748 1.0
221 15374.7395651 -19463.073425 10913.4356454 -149.319359281 12 33 3 6113 1.0
222 23560.7187264 -24079.3658972 9772.29107449 -150.072471041 12 36 4 6641 1.0
223 12336.9135794 -38397.1628455 7794.4620815 -151.68039715 12 39 6 7284 1.0
224 5058.29022539 -57688.0079744 11842.1232286 -153.718485077 12 33 6 6259 1.0
225 13593.9749296 -69761.5497045 9086.36214793 -154.855513166 12 27 1 5028 1.0
226 6169.5616551 -80490.292138 8617.77069448 -155.771048045 12 47 3 8890 1.0
227 12308.1032876 -96130.1528309 9717.19674129 -157.012272173 12 39 3 7299 1.0
228 19388.756249 -107595.435621 6926.86027334 -157.869729678 12 32 1 6018 1.0
229 28988.1014257 -118357.563056 9256.35058594 -158.658487566 12 32 2 6077 1.0
230 33951.493312 63358.8469948 7909.8028053 -134.136705037 12 40 2 7461 0.3413
231 27084.1670117 55854.8280852 2109.0970292 -132.809409116 12 33 4 6102 0.2747
232 38136.7790851 38817.3337711 8241.10853906 -140.251356226 12 36 7 6612 1.0
233 32562.3896096 29846.418506 6764.85001141 -141.29314568 12 45 5 8223 1.0
234 29972.6536011 19281.5868476 2719.25629271 -143.290681405 12 32 9 5835 1.0
235 21494.2257875 -5590.5634494 10448.7921906 -147.375693986 12 36 4 6636 1.0
236 24832.4537226 -18777.3094605 11626.5287396 -149.401442454 12 36 4 6608 1.0
237 26022.9978302 -24058.4204084 1141.92198547 -150.126109939 12 36 5 6618 1.0
238 22526.8201485 -43161.8152143 11554.5864599 -152.31000259 12 29 6 5345 1.0
239 19347.8798176 -51972.7461006 6873.89192386 -153.198061759 12 42 8 7758 1.0
240 28104.1276273 -67880.5947127 6016.1919949 -154.808083133 12 29 3 5342 1.0
241 34435.6839673 -74298.4873514 8881.15836868 -155.451945555 12 41 5 7498 1.0
242 41659.2312906 -94350.5743621 10720.513425 -157.130837945 12 38 6 6923 1.0
243 33923.179459 -104151.771738 8099.25211683 -157.736259961 12 33 1 6099 1.0
244 22421.5286498 -118605.505088 9597.98585829 -158.63407332 12 33 3 6280 1.0
245 47304.8018156 59999.3039181 11515.2936312 -139.295563267 12 39 7 7220 1.0
246 31041.2553495 65406.0590374 10385.2930274 -132.485784872 12 45 1 8429 0.2595
247 33438.6017262 45211.2307595 10471.3811222 -137.782829251 12 34 0 6259 1.0
248 36382.4518952 36268.563225 5724.65402783 -140.464878393 12 28 5 5135 1.0
249 52061.0929457 21458.0482835 9188.91284602 -145.380457556 12 33 4 6043 1.0
250 35873.0304688 -6912.91974455 10997.3497279 -148.160709733 12 34 5 6225 1.0
251 33552.0497516 -7522.57550109 10494.7034845 -148.133719356 12 31 8 5656 1.0
252 38982.5212508 -18552.8240589 4518.46883293 -149.867016023 12 40 5 7300 1.0
253 51547.9981638 -42721.9382839 9991.21369976 -153.02540769 12 30 6 5493 1.0
254 36972.8580339 -48478.0917016 1558.16394991 -153.143540606 12 29 6 5311 1.0
255 53599.756594 -58109.5243694 10982.7910774 -154.501513476 12 35 5 6405 1.0
256 38205.3795336 -64920.9319249 11678.6301096 -154.71072052 12 31 2 5663 1.0
257 37969.9787936 -99377.5670105 11062.8748901 -157.443938039 12 39 5 7204 1.0
258 40504.4248092 -101151.828199 3491.29607883 -157.603227823 12 36 3 6653 1.0
259 31983.0885888 -116472.992959 11879.0995051 -158.558009224 12 28 5 5301 1.0
260 59793.2631744 74822.1892983 5496.73708363 -142.323314464 12 37 4 7033 1.0
261 57884.8120286 53330.3803418 9078.95344494 -142.556728766 12 36 5 6634 1.0
262 62998.2392546 41185.5948533 7733.89880933 -144.656859504 12 48 6 8806 1.0
263 45804.4114129 36979.6809465 7442.4981548 -142.04886748 12 43 6 7865 1.0
264 58341.3542001 20849.3190203 4315.95550842 -146.253467098 12 43 7 7842 1.0
265 50668.8720724 9755.74427051 5907.77780331 -146.868790113 12 36 9 6631 1.0
266 51817.4167508 -11036.632863 4317.05978845 -149.634491917 12 28 7 5119 1.0
267 42279.1794851 -19585.6537495 8281.93399122 -150.14268868 12 36 2 6599 1.0
268 57675.5795627 -31923.961952 4780.80110294 -152.227431297 12 33 6 6065 1.0
269 54150.2760755 -53898.2037634 5962.32972586 -154.149811345 12 36 7 6590 1.0
270 53290.7704654 -52890.0967599 10602.9330078 -154.031698962 12 29 7 5311 1.0
271 53245.2043974 -77921.8346415 3639.52949571 -156.114353508 12 41 3 7506 1.0
272 61652.243094 -90765.6156117 5844.78716975 -157.257531337 12 30 3 5443 1.0
273 44148.4483768 -107845.60637 7218.27055941 -158.115305568 12 26 3 4823 1.0
274 58777.3051493 -105683.367698 11536.107549 -158.210493704 12 27 2 5002 1.0
275 64073.4515187 72920.3031381 4248.73356812 -143.293882478 12 36 2 6826 1.0
276 67714.5485505 64988.1952644 9452.58857867 -144.139746872 12 38 1 7136 1.0
277 75323.5448418 46364.1589131 7787.55080095 -146.371308862 12 36 1 6580 1.0
278 70165.1609867 27355.0248679 8970.65153733 -147.094807399 12 37 3 6769 1.0
279 68212.5464072 14664.4232514 2679.85489448 -148.125514627 12 29 6 5317 1.0
280 71390.8815328 736.240670244 10046.9671529 -149.856928452 12 31 6 5639 1.0
281 78356.1981688 -6226.28335028 11001.9808054 -151.101392619 12 32 8 5848 1.0
282 58665.478503 -12436.9187584 10966.303867 -150.244350922 12 41 7 7486 1.0
283 68312.5785767 -47080.641545 10745.2055903 -154.098302159 12 33 4 6037 1.0
284 50260.1873517 -49093.0781045 11615.4693072 -153.584871242 12 25 2 4561 1.0
285 75850.1435898 -69342.4736712 10094.6183482 -156.135506624 12 31 1 5692 1.0
286 52108.2636445 -77460.7126139 9786.56618913 -156.051931085 12 42 6 7689 1.0
287 72131.8649367 -84610.596832 6887.7610106 -157.100431072 12 41 5 7529 1.0
288 60331.5234647 -103861.721327 1585.59431872 -158.120505464 12 40 8 7396 1.0
289 73012.8760338 -122808.935935 7885.09748502 -159.547602089 12 37 6 7051 1.0
290 74990.5569017 81126.3491214 11247.2370995 -145.66367506 12 36 4 6921 1.0
291 80243.7269106 52662.0379997 8055.01829298 -146.861597983 12 47 5 8668 1.0
292 72967.4302298 37066.5529583 9883.33519369 -146.648278385 12 33 5 6080 1.0
293 74669.8964785 38352.9238885 7659.33045838 -146.808600739 12 40 4 7346 1.0
294 78630.6151655 28126.1352593 10874.9318679 -148.154066329 12 24 2 4374 1.0
295 79455.3258928 10033.4947929 8301.64903813 -149.764979253 12 30 1 5485 1.0
296 78906.7573838 -3244.43688795 6339.4035455 -150.882391614 12 40 6 7387 1.0
297 70659.2231292 -17319.3638147 6456.5321807 -151.551550228 12 43 10 7856 1.0
298 72060.1705977 -32160.5883965 8848.25557349 -152.992597257 12 29 4 5319 1.0
299 71623.7056974 -46700.8330517 3788.51239339 -154.21242845 12 34 12 6219 1.0
300 73365.7803951 -60330.2018582 7087.86527813 -155.370995347 12 40 5 7337 1.0
301 69040.7598625 -67125.7236125 10622.8659325 -155.735398759 12 35 4 6378 1.0
302 83603.73182 -81135.3841492 9634.03613889 -157.218617543 12 25 1 4574 1.0
303 81043.6619116 -102343.682161 7268.46414434 -158.500736653 12 36 5 6633 1.0
304 83830.896333 -109410.496822 8428.9474524 -158.999119711 12 37 5 6900 1.0
305 82635.9188496 70875.7696874 9221.14815445 -146.879970209 12 42 4 7916 1.0
306 96570.1251663 60079.2370253 11003.698725 -149.126466893 12 40 6 7428 1.0
307 91954.7832416 53209.4725128 9056.68302393 -148.634366223 12 38 4 7008 1.0
308 96422.992843 27932.1734103 10932.4895811 -150.346946809 12 40 9 7312 1.0
309 87378.7759857 17275.2759642 4477.85893183 -150.021111425 12 55 8 10033 1.0
310 84745.0926252 3848.10339743 1112.72372304 -150.798971072 12 38 8 6932 1.0
311 84880.4060955 -8658.9443275 7028.0018541 -151.831603425 12 31 8 5653 1.0
312 90425.2996264 -26309.5859829 5683.7549079 -153.610827172 12 42 8 7691 1.0
313 89409.0062749 -41502.6831588 5708.781875 -154.682329485 12 25 3 4575 1.0
314 74989.0297166 -48801.4313173 10909.7052744 -154.534229327 12 38 9 6962 1.0
315 86223.013804 -59421.9957525 6770.68854406 -155.825598678 12 43 4 7876 1.0
316 92534.3250398 -74116.5618928 7122.78144305 -157.074484631 12 46 8 8403 1.0
317 94283.8526531 -100865.831781 11123.1825623 -158.779662378 12 36 9 6650 1.0
318 90533.0631223 -99983.5078346 5807.74279969 -158.618189647 12 32 3 5895 1.0
319 90310.8852733 -120205.721026 3700.36368505 -159.777047978 12 31 2 5910 1.0
320 93453.6038893 74736.4283637 11058.162941 -148.593663712 12 35 4 6678 1.0
321 98312.5149303 46346.5326056 11232.463318 -149.727681823 12 41 4 7488 1.0
322 92356.3283039 47387.9477213 11946.3211695 -148.892012987 12 38 2 6926 1.0
323 93630.3625175 23662.1144571 8240.88972386 -150.281050965 12 32 9 5868 1.0
324 100198.202769 25965.391396 9387.03690599 -150.879733535 12 29 4 5308 1.0
325 94237.824453 11001.5017917 7966.63322537 -151.174656151 12 30 5 5488 1.0
326 105867.649211 -21145.3314642 11805.6063107 -154.274655015 12 39 9 7133 1.0
327 96865.415257 -19889.7897866 3196.42506157 -153.570852798 12 35 4 6403 1.0
328 95348.9894272 -32247.9843713 9442.59988946 -154.350010356 12 37 7 6774 1.0
329 93659.5632884 -59458.5597476 10566.2601856 -156.15173264 12 44 5 8036 1.0
330 105065.529643 -60601.5372687 2846.01920961 -156.739968948 12 33 3 6038 1.0
331 95504.222241 -81489.3914598 5430.85914647 -157.650957857 12 41 10 7486 1.0
332 114230.74944 -88296.3991784 10515.0372141 -158.725588961 12 34 4 6232 1.0
333 106386.299856 -100626.374239 8977.945054 -159.136317506 12 42 3 7765 1.0
334 99242.6742768 -115053.275566 4948.90703893 -159.720002065 12 39 4 7352 1.0
335 117872.288144 81165.2181756 10376.7731459 -151.796145592 12 37 3 7145 1.0
336 114392.097757 66026.4615942 9596.28972769 -151.351252204 12 39 2 7326 1.0
337 124236.19713 47285.4672597 8946.01667154 -152.706606479 12 27 1 4944 1.0
338 101064.055075 34052.4446317 9396.71077504 -150.572773098 12 46 10 8384 1.0
339 115551.017357 20946.5016362 3638.8311043 -152.704872785 12 42 5 7669 1.0
340 111161.787456 -1210.0608027 5278.13057958 -153.454294682 12 43 4 7897 1.0
341 110488.214484 -2234.40599049 9043.52462945 -153.45835426 12 24 4 4399 1.0
342 101569.311928 -31387.7069994 11841.8948084 -154.668597986 12 53 6 9715 1.0
343 112288.526673 -29401.8147342 7806.36286565 -155.207582986 12 29 5 5315 1.0
344 107923.858774 -42664.1155565 7355.81743094 -155.766084852 12 39 6 7118 1.0
345 118643.668215 -55026.4538876 8614.84413607 -157.058366118 12 35 9 6429 1.0
346 101463.94079 -78797.2357404 8676.76200646 -157.704983124 12 27 3 4955 1.0
347 117554.452406 -93128.7841702 3550.41784985 -159.105426046 12 33 6 6037 1.0
348 102691.506435 -96642.7715198 9867.30744336 -158.795018792 12 35 2 6427 1.0
349 113521.852368 -120662.028197 4475.57386558 -160.404363516 12 36 1 6825 1.0
350 116401.810845 74039.3795155 11854.5364769 -151.577972615 12 30 2 5710 1.0
351 129007.36242 50186.9905661 10278.1825902 -153.139661136 12 33 6 6056 1.0
352 128167.604725 39763.610313 4400.73049708 -153.279572765 12 31 5 5670 1.0
353 124555.648965 40035.0308283 9681.98587907 -152.913312111 12 29 5 5317 1.0
354 118572.902158 18754.051738 9393.53498772 -153.087843414 12 47 7 8595 1.0
355 123065.614397 -1317.38976681 5359.67736134 -154.414577743 12 31 4 5692 1.0
356 131899.758718 -12833.9069181 5232.75445111 -155.62238465 12 40 8 7413 1.0
357 129365.960696 -28491.3120955 9345.36706018 -156.224245385 12 35 7 6451 1.0
358 125691.837882 -45036.790648 8957.14446425 -156.875337753 12 29 0 5334 1.0
359 130631.831795 -46369.2113198 9408.29019062 -157.211519655 12 40 9 7344 1.0
360 133070.251929 -71730.0809134 10016.1526504 -158.614762428 12 30 4 5543 1.0
361 129994.169116 -71143.345788 9794.72281506 -158.450517952 12 35 5 6447 1.0
362 119861.85293 -87864.5899041 8277.61500092 -158.910354269 12 40 2 7314 1.0
363 120176.902829 -114235.516343 10938.0638473 -160.275347984 12 28 3 5272 1.0
364 123982.404087 -123637.811418 7821.09986085 -160.844780242 12 42 3 8036 1.0
365 148997.134658 73263.8035556 9420.22639673 -154.881818234 12 36 0 6897 1.0
366 141969.990746 56476.5014256 8186.90431842 -154.310251428 12 42 5 7787 1.0
367 150130.623203 45042.7605819 10312.6440572 -155.186902862 12 29 4 5398 1.0
368 140185.834089 32496.8189308 6569.54432475 -154.57970294 12 44 4 8059 1.0
369 148292.076984 22653.8921689 9980.25666363 -155.522021612 12 39 7 7259 1.0
370 130611.50639 4758.57356235 3355.51801864 -154.731182428 12 35 7 6405 1.0
371 139848.108665 -9918.72023646 406.497282083 -156.04476517 12 34 5 6337 1.0
372 132907.692815 -16906.1516191 6096.82979206 -155.883892484 12 26 7 4828 1.0
373 145315.829477 -27573.3149507 10331.9854274 -157.159562075 12 42 7 7922 1.0
374 139269.743302 -53791.8298341 6748.89046035 -158.027915437 12 29 2 5426 1.0
375 139366.345304 -60464.4437392 2757.39316883 -158.352151683 12 38 5 7043 1.0
376 128502.425239 -66792.9228071 11168.3942768 -158.160648943 12 46 9 8427 1.0
377 139594.491881 -90797.0233124 828.744442344 -159.802510018 12 30 2 5584 1.0
378 128752.935535 -102472.470568 5191.99889956 -159.970263127 12 41 2 7599 1.0
379 136240.333798 -116036.203854 3705.10762586 -160.856546357 12 48 2 9119 1.0
380 157835.757003 64450.4352583 8858.2200986 -155.657119932 12 35 3 6687 1.0
381 143733.62136 66300.8917037 8985.50900641 -154.408995543 12 40 6 7560 1.0
382 145273.199912 36476.2107385 10113.1930421 -154.928549433 12 39 6 7254 1.0
383 148328.860444 22642.6043283 8463.50454455 -155.525282153 12 33 1 6148 1.0
384 150634.591875 7841.18301877 9557.74211917 -156.150413653 12 39 5 7364 1.0
385 145188.790188 9839.72430296 5973.05155275 -155.674572842 12 38 7 7138 1.0
386 158110.081221 -6959.60136688 6754.61008459 -157.168942147 12 27 5 5193 1.0
387 143716.26338 -32907.7296354 10205.926471 -157.299480801 12 34 2 6396 1.0
388 141736.300088 -35946.3807987 10127.9587599 -157.322377627 12 35 5 6551 1.0
389 153726.48502 -54970.3309064 9437.67611189 -158.803495471 12 39 4 7463 1.0
390 161268.587911 -61869.5691471 9502.68339084 -159.45412 12 35 2 6772 1.0
391 139580.889488 -66430.9416726 11944.7444803 -158.64758424 12 47 7 8731 1.0
392 159270.041157 -91602.3577299 7582.5575607 -160.594341324 12 30 1 5786 1.0
393 146530.437506 -101615.924096 1932.58975544 -160.550924889 12 45 6 8552 1.0
394 140910.252955 -119294.174337 11217.1179623 -161.149456675 12 33 0 6342 1.0
395 170198.954364 79983.5862292 11008.2678435 -156.662112084 12 39 1 7664 1.0
396 162321.343986 66410.1966708 9904.01375843 -156.021851852 12 41 4 7889 1.0
397 160714.770506 46219.1397633 3759.98298418 -156.047832723 12 33 4 6220 1.0
398 149504.835353 39035.5432441 11773.5277248 -155.237912774 12 37 3 6864 1.0
399 164050.185143 12828.4575348 4496.22822374 -156.974108554 12 45 6 8643 1.0
400 -2282.56037711 75033.6932076 10917.0206221 -122.645280041 12 39 1 7627 0.0201
401 1325.79349765 46807.5448739 10775.2593827 -133.103183553 12 38 2 7255 0.2889
402 13082.5584832 43103.4503557 5330.56274935 -134.672399478 12 30 0 5592 0.3698
403 -7108.33456352 24264.5758677 11057.0234534 -141.571265843 12 37 6 7178 1.0
404 9508.54512935 24424.6329381 7293.70634463 -140.920967476 12 33 3 6194 1.0
405 12485.0975063 7866.03983915 11343.1053493 -144.778895752 12 38 2 7111 1.0
406 709.029167498 -1994.10586706 10373.4449573 -146.633326436 12 30 2 5737 1.0
407 -3368.05262116 -23356.0179116 5241.9042371 -149.895243325 12 46 7 8825 1.0
408 12842.2564552 -37351.6955898 5086.44156307 -151.562207961 12 26 3 4835 1.0
409 -4568.78250513 -58744.7920301 11044.5474104 -153.876025336 12 39 1 7510 1.0
410 10056.2285771 -57574.8164322 6019.48512212 -153.706267463 12 34 2 6376 1.0
411 11841.1592762 -83087.9284119 11910.5788529 -155.988627844 12 51 1 9535 1.0
412 5204.74894807 -95142.4492137 5776.29419818 -156.934751292 12 42 3 7970 1.0
413 9764.48210947 -108562.594893 9429.22712556 -157.912259491 12 39 1 7439 1.0
414 14413.9348739 -117866.955013 6636.90399217 -158.555447234 12 34 4 6508 1.0
415 15138.1338868 60407.7602704 11582.9272622 -124.690939681 12 39 4 7354 0.0393
416 13144.5650977 64724.6700014 7190.26151421 -119.034361162 12 28 1 5319 0.0051
417 21925.7957766 54764.2237669 10810.8080239 -131.165265855 12 26 1 4845 0.2023
418 11258.4952223 23438.8714044 7746.65068626 -141.20905932 12 42 4 7861 1.0
419 23176.873341 24293.2483813 7722.99214516 -141.592409529 12 57 3 10478 1.0
420 14638.1368373 -1248.97018974 5212.02810178 -146.499224412 12 37 3 6906 1.0
421 24894.3394306 -17966.6699892 9841.59596304 -149.292782797 12 38 3 7013 1.0
422 24073.7387892 -21837.9132848 10275.3943685 -149.791756545 12 37 5 6804 1.0
423 24282.8811687 -43656.7318757 8547.12215155 -152.389300258 12 40 6 7393 1.0
424 11655.9199419 -60621.4393406 11080.6021799 -154.004652793 12 32 4 5988 1.0
425 18508.7567476 -68686.1972781 5670.7202142 -154.784984488 12 34 0 6304 1.0
426 16405.5823291 -72319.7067503 4977.03191629 -155.094285409 12 49 4 9087 1.0
427 12987.7455519 -87157.1316692 7437.85371625 -156.319357566 12 38 4 7098 1.0
428 9825.68799931 -111985.607892 9460.10968504 -158.150126702 12 31 3 5942 1.0
429 25959.4831711 -111590.490841 8052.47738412 -158.183779178 12 36 6 6780 1.0
430 28229.867713 76226.8602569 6373.14184414 -130.906615745 12 43 1 8210 0.192
431 22759.5033477 62143.1257244 5523.2908724 -128.464837525 12 36 4 6764 0.1114
432 33779.9520787 46234.1288517 2833.6861832 -137.617847264 12 27 3 4930 1.0
433 35264.6305576 31566.0741759 9444.69078584 -141.299404806 12 41 6 7489 1.0
434 27717.8380866 8151.92114779 10059.3605383 -145.287655186 12 39 5 7163 1.0
435 30657.1867019 1386.03582023 5421.08284392 -146.617906123 12 41 4 7496 1.0
436 43776.8648851 -9654.43468576 11921.3056812 -148.970124755 12 43 5 7862 1.0
437 19231.716645 -21275.9726254 6827.74298177 -149.620944814 12 36 4 6633 1.0
438 22481.481325 -37577.3929746 9455.56500903 -151.688353372 12 45 8 8266 1.0
439 22729.7152831 -38954.7629242 11249.9973045 -151.848090025 12 41 6 7514 1.0
440 32895.1428508 -69431.9220862 6339.65900516 -155.012640015 12 26 3 4777 1.0
441 31962.6873275 -82955.7472018 8817.82732972 -156.126163134 12 27 3 4945 1.0
442 30401.0518702 -94018.8331666 4264.12345284 -156.964146481 12 29 2 5325 1.0
443 21876.6387774 -94605.3850111 9677.92914672 -156.937346844 12 29 2 5363 1.0
444 28616.0500421 -113696.754314 4516.89741901 -158.345703279 12 46 2 8688 1.0
445 37942.7148095 77512.4528023 8807.07180607 -135.702511043 12 34 2 6503 0.4265
446 37355.6864321 56972.8041716 779.129633655 -136.446171487 12 27 1 4980 0.4685
447 43359.5629899 38635.1258511 5540.52002073 -141.30462018 12 23 4 4217 1.0
448 45723.8167812 27148.7587523 8647.02360134 -143.664034384 12 42 5 7721 1.0
449 51567.7219578 23518.4013379 9893.34461084 -145.02296195 12 38 8 6962 1.0
450 36316.7894097 -4424.11120205 8469.32854474 -147.82430537 12 29 7 5308 1.0
451 55273.1752696 -9844.82962223 11421.6102586 -149.722361828 12 38 5 6938 1.0
452 45755.780745 -30347.9410485 10837.2054303 -151.531623464 12 34 8 6271 1.0
453 35124.681334 -38653.360018 9031.66540803 -152.077255609 12 30 4 5478 1.0
454 39323.4061628 -42216.476835 7686.34726257 -152.570790228 12 31 4 5695 1.0
455 42009.6903831 -60887.4303295 2942.242472 -154.433651807 12 41 8 7494 1.0
456 28525.3678267 -76401.9142393 9333.02267999 -155.548305675 12 32 7 5866 1.0
457 43589.433171 -84571.1244517 5446.17788409 -156.428894188 12 35 4 6420 1.0
458 42764.444309 -102351.975801 5024.42657512 -157.718541734 12 44 12 8122 1.0
459 47866.7482721 -115167.496411 4346.50043685 -158.650921873 12 37 3 6976 1.0
460 61487.6234025 66491.3689736 7205.1069841 -142.737449073 12 21 1 3953 1.0
461 43804.0619111 62545.066968 7834.84753302 -137.992693486 12 29 3 5399 1.0
462 45466.128392 43407.6446329 10417.0012849 -140.933606472 12 44 5 8080 1.0
463 48198.446634 35140.7227223 4705.56531745 -142.7718441 12 28 2 5098 1.0
464 61084.7415173 15388.7205068 5573.80396829 -147.243527829 12 36 5 6597 1.0
465 40861.5293622 3277.69319079 9016.66234087 -146.971402335 12 27 3 4949 1.0
466 49222.855819 -11040.1560453 6807.22519236 -149.471849894 12 38 6 6930 1.0
467 41662.7827338 -22074.4078337 8238.04050718 -150.415053509 12 36 8 6584 1.0
468 56508.7429939 -28418.1746136 7953.74501519 -151.817342872 12 35 6 6407 1.0
469 44301.3495462 -59296.6637548 11035.2802057 -154.346435121 12 41 3 7520 1.0
470 47316.6678644 -69343.7418654 10533.008063 -155.28684266 12 45 9 8262 1.0
471 41923.91355 -82742.2159815 10035.9721524 -156.258032509 12 37 5 6773 1.0
472 61435.4339571 -88583.5103278 5758.69557429 -157.098543589 12 33 2 6022 1.0
473 45031.0351396 -104263.393396 4897.29416586 -157.883475081 12 29 5 5363 1.0
474 66875.7889494 -116356.34864 11030.1484872 -159.042593349 12 37 2 7016 1.0
475 65378.7197966 79837.6454312 9191.74019557 -143.722888651 12 41 5 7912 1.0
476 62149.2203259 50303.3400014 7272.28903794 -143.701140183 12 54 13 9903 1.0
477 68666.20811 35015.1074857 9174.02726301 -146.164922608 12 39 8 7148 1.0
478 54321.0770666 27817.3987116 8081.13667289 -144.805462095 12 42 12 7703 1.0
479 69810.9438206 25932.716709 8831.21474294 -147.183555228 12 25 9 4578 1.0
480 68624.6318729 -3073.5957641 9720.96272747 -149.999847398 12 37 3 6812 1.0
481 60032.8325531 -5982.79891627 8582.87484572 -149.624515857 12 36 2 6614 1.0
482 54662.2514247 -22003.8065401 7253.36634253 -151.046974765 12 34 9 6187 1.0
483 69933.9983872 -36025.7689542 2101.99321259 -153.220416 12 42 5 7707 1.0
484 59088.777658 -52218.520082 3700.88682785 -154.172816179 12 33 2 6035 1.0
485 59085.113662 -62223.5325329 8823.0646195 -155.020381978 12 36 10 6592 1.0
486 50544.8613202 -72887.9208597 11903.3040809 -155.653074908 12 48 5 8763 1.0
487 64543.140454 -98139.3822947 8777.94485385 -157.828785003 12 46 3 8464 1.0
488 53201.577884 -106616.015279 9223.60224629 -158.171937992 12 28 3 5169 1.0
489 61770.7893127 -108764.458837 10114.6815339 -158.46817628 12 28 2 5240 1.0
490 79153.6466404 66851.4304997 4194.00645886 -146.300512153 12 47 3 8827 1.0
491 67744.6181468 58684.613517 6212.64178299 -144.343404451 12 32 3 5895 1.0
492 80531.7240251 52719.1964441 8592.45179618 -146.906261295 12 31 2 5725 1.0
493 75696.8055522 27925.8070547 3359.9705334 -147.785230691 12 46 11 8410 1.0
494 89493.6038004 21786.263782 10621.6075335 -149.936151813 12 30 4 5498 1.0
495 65378.8289416 -547.221909108 9575.15478751 -149.461659904 12 34 6 6243 1.0
496 70178.1914007 -15305.0360283 11279.3416812 -151.326689463 12 32 4 5855 1.0
497 79778.7960381 -17462.9913125 8059.08427879 -152.190539157 12 29 5 5327 1.0
498 80748.4501207 -32461.8737989 3984.390698 -153.505799276 12 43 10 7859 1.0
499 79345.5513188 -41610.230862 9827.22795497 -154.167330233 12 42 8 7709 1.0
500 89086.8826223 -57353.0621558 10914.7094215 -155.804270472 12 43 3 7850 1.0
501 69607.1447951 -72323.3379187 6024.76083319 -156.1446918 12 46 11 8438 1.0
502 82120.4511642 -100451.052506 10682.9637129 -158.412286064 12 41 7 7571 1.0
503 74011.6306835 -100381.709862 3049.40610654 -158.199008418 12 22 1 4043 1.0
504 80258.4629182 -118002.708781 1226.88661966 -159.419301549 12 26 2 4926 1.0
505 99361.3577223 78813.6145497 10844.06098 -149.468065074 12 36 6 6899 1.0
506 93959.7195081 64133.6459432 10428.2622197 -148.695595506 12 33 2 6158 1.0
507 92525.0380755 49522.319798 5410.47005371 -148.836430871 12 35 3 6431 1.0
508 85556.2182634 35904.098053 5175.89450587 -148.530785573 12 39 6 7167 1.0
509 97117.7441502 11110.9498742 8138.81363241 -151.449129918 12 40 12 7301 1.0
510 88108.5249815 14090.6349861 10432.5226366 -150.333826989 12 39 6 7143 1.0
511 89941.5886297 -3510.2262494 6300.11972239 -151.837576591 12 34 5 6237 1.0
512 81052.5528803 -14610.3227547 9605.86630176 -152.037689218 12 42 5 7705 1.0
513 80809.5122712 -40831.8046765 11923.2621479 -154.180332802 12 36 5 6563 1.0
514 87740.776964 -58083.457103 8532.60230579 -155.796385531 12 38 4 6975 1.0
515 97841.5009045 -70924.4255765 9789.2496143 -157.076889695 12 36 5 6605 1.0
516 91251.0944545 -76111.8422162 5416.22279811 -157.15591398 12 32 8 5852 1.0
517 98543.8388728 -86828.5425834 7405.95889412 -158.083411062 12 38 5 6965 1.0
518 87127.1939309 -98363.3362102 5220.84663702 -158.422604754 12 43 9 7928 1.0
519 83712.6172566 -124991.875421 11520.2506253 -159.893402299 12 32 2 6158 1.0
520 95035.5681798 76290.550171 10292.9082461 -148.83549834 12 38 3 7225 1.0
521 101569.768218 65585.8470763 8834.43047043 -149.74338105 12 32 8 6015 1.0
522 96947.9936006 53578.9796801 11686.2807132 -149.321449457 12 32 4 5892 1.0
523 99670.7645148 36098.6734702 5660.41862006 -150.313955884 12 42 6 7683 1.0
524 94974.743281 17497.5283291 8883.42709795 -150.817829795 12 27 4 4935 1.0
525 87974.0644365 -1945.85199458 11484.0160521 -151.549328911 12 43 8 7888 1.0
526 104881.704754 -19379.9538352 9920.7700176 -154.093012148 12 41 3 7512 1.0
527 92703.2573057 -26183.566321 6094.99794532 -153.747339082 12 33 4 6024 1.0
528 112315.687693 -29635.6265241 10797.0730795 -155.223370164 12 45 8 8241 1.0
529 103969.146924 -46897.4360786 6750.45458575 -155.821949283 12 38 7 6946 1.0
530 100666.837396 -61411.8212658 3645.89125878 -156.591912948 12 41 10 7502 1.0
531 92154.9439022 -85173.6203364 10301.0002737 -157.764186571 12 45 8 8248 1.0
532 112675.944684 -82677.8381418 11469.7829905 -158.356818844 12 31 3 5667 1.0
533 93706.6176271 -108164.863678 6298.13923532 -159.18539017 12 23 5 4268 1.0
534 106150.006485 -105640.549026 11435.3964899 -159.403873651 12 39 5 7227 1.0
535 109610.313013 80091.7945101 11042.0394795 -150.80946916 12 28 2 5367 1.0
536 101305.383981 62621.8235236 9931.94933188 -149.737171633 12 36 9 6712 1.0
537 120371.139704 40705.3005501 5680.81689835 -152.465681104 12 34 6 6223 1.0
538 111137.22778 25454.3263644 5435.64677692 -152.065253566 12 28 3 5142 1.0
539 121390.222959 7021.89854421 11691.213937 -153.874857942 12 30 1 5454 1.0
540 117793.765914 10648.6310793 10415.8711458 -153.391560715 12 24 6 4405 1.0
541 119547.633935 -16680.460041 8062.72713841 -154.955486284 12 32 4 5874 1.0
542 111952.406824 -26200.0751622 3885.22990758 -154.993098775 12 36 3 6570 1.0
543 107147.635101 -30009.395323 10769.5937088 -154.923696487 12 44 10 8054 1.0
544 110555.816763 -42123.1712838 7670.31405705 -155.877961394 12 26 3 4758 1.0
545 109140.619574 -65681.8450493 7167.38016587 -157.231255508 12 40 7 7316 1.0
546 117911.635133 -70282.2362742 10233.7407878 -157.878480616 12 34 5 6216 1.0
547 111962.073912 -79846.6155527 10884.6476075 -158.170025964 12 43 10 7847 1.0
548 105764.584117 -94482.5313438 9836.12933795 -158.773377562 12 43 3 7875 1.0
549 119015.517306 -122021.010749 6065.13545575 -160.625773875 12 37 3 7042 1.0
550 125148.935199 62338.1377182 9061.91679862 -152.583240532 12 43 7 8010 1.0
551 126976.26886 66746.6536861 10508.5150555 -152.751772976 12 40 4 7505 1.0
552 129219.686754 46087.6469091 2366.46128781 -153.238413597 12 32 3 5871 1.0
553 124173.949276 27053.3631535 4351.96114835 -153.283740664 12 47 7 8573 1.0
554 125267.230932 21821.1581943 5192.27131504 -153.579198559 12 46 10 8421 1.0
555 119926.450125 -2286.87918196 6484.82515543 -154.216693254 12 45 5 8271 1.0
556 119981.55259 -14903.3079117 9543.38552389 -154.889131029 12 35 7 6416 1.0
557 118047.07374 -13482.9309361 10184.9821878 -154.673334532 12 44 10 8016 1.0
558 125095.706143 -36799.6539973 2797.86781737 -156.401127226 12 25 4 4574 1.0
559 117038.358999 -58888.5924153 10320.6989527 -157.19885858 12 38 10 6926 1.0
560 119355.447276 -68255.3763438 9901.85214335 -157.829459468 12 39 8 7158 1.0
561 117495.281494 -70441.0507358 7542.04651491 -157.869328321 12 37 5 6780 1.0
562 123348.872425 -91745.8419741 4829.94724874 -159.241761274 12 33 3 6045 1.0
563 117042.385385 -110507.835957 8562.16868259 -159.992450027 12 37 4 6925 1.0
564 131867.096087 -124707.758944 8827.85874321 -161.121926048 12 43 2 8299 1.0
565 145455.093082 68168.6352481 6267.66482004 -154.562714365 12 44 3 8333 1.0
566 134453.79719 55869.8257235 1801.82016681 -153.599727217 12 38 4 7038 1.0
567 149179.721026 37304.4790773 11568.5292321 -155.244365135 12 43 5 7966 1.0
568 128984.192202 22349.0102122 9700.28011387 -153.895649352 12 40 8 7342 1.0
569 130141.045145 16382.6533168 9760.5234001 -154.218956106 12 37 7 6781 1.0
570 138955.172492 4707.98931148 5161.74899917 -155.383912655 12 27 3 4992 1.0
571 144629.51894 -12800.0629669 5795.85522012 -156.49090582 12 49 7 9223 1.0
572 136145.491907 -14078.5212968 9141.43588041 -155.972539669 12 27 2 5003 1.0
573 149096.944829 -30354.3848315 11012.5609082 -157.5042781 12 32 6 6048 1.0
574 132508.836682 -39835.7656566 10016.8241929 -156.983375879 12 32 2 5926 1.0
575 131717.6867 -70125.8886286 10701.0635824 -158.474821572 12 31 5 5743 1.0
576 138966.645719 -74948.3099024 5368.79719681 -159.027274584 12 40 3 7431 1.0
577 133057.572589 -89237.8041591 6842.63069083 -159.478705032 12 29 2 5337 1.0
578 129886.995186 -104087.370796 4023.94092679 -160.087263148 12 39 3 7247 1.0
579 142554.344164 -108697.836405 8580.90047784 -160.729233511 12 45 1 8510 1.0
580 157776.850679 78998.4125066 9962.33797391 -155.658185874 12 21 0 4081 1.0
581 135387.088576 59930.8672278 10732.2680773 -153.650230991 12 53 6 9837 1.0
582 142121.404922 43066.2354741 9795.50999115 -154.517763056 12 31 5 5713 1.0
583 147392.192906 19539.6702146 11302.0773249 -155.538783266 12 31 5 5773 1.0
584 143987.086213 13486.1279247 8753.78045781 -155.458792909 12 45 7 8394 1.0
585 145291.853975 -870.844763204 4808.203304 -156.066933842 12 41 6 7677 1.0
586 148467.172454 -12612.2914111 4593.12599908 -156.738828876 12 34 1 6405 1.0
587 151504.360687 -32838.2107911 11406.0283834 -157.748593424 12 30 3 5694 1.0
588 151522.440631 -35873.4733523 577.916021382 -157.876516421 12 30 1 5715 1.0
589 146170.355127 -58382.909643 8627.09274159 -158.583355948 12 37 3 6974 1.0
590 160505.661464 -63064.5315802 8649.99846187 -159.467170232 12 39 3 7527 1.0
591 141638.212506 -71781.2019358 6399.96292542 -158.993367275 12 41 4 7647 1.0
592 145522.164459 -96744.4166112 9244.71862886 -160.297111134 12 34 2 6430 1.0
593 141172.587236 -97812.2918565 7311.97218414 -160.186574162 12 33 6 6193 1.0
594 151901.713219 -115206.293245 1637.9040735 -161.323046695 12 34 1 6586 1.0
595 170198.235726 74559.5610078 7279.29525737 -156.64579326 12 34 2 6655 1.0
596 166056.498467 55717.6015302 8406.65777651 -156.375642833 12 39 1 7485 1.0
597 170678.563884 41473.0995081 7329.76358377 -156.883522289 12 44 7 8480 1.0
598 163490.315348 30339.3991568 5647.91545106 -156.526799376 12 44 0 8402 1.0
599 164994.256404 15531.9350729 2119.83392736 -156.971537373 12 37 1 7142 1.0
600 13499.4202257 68057.097314 6357.90002203 -115.836357388 12 34 1 6498 0.0012
601 -3579.09202628 66603.6071483 10543.0332422 -124.092626912 12 44 2 8560 0.0326
602 3185.74593193 50969.9066897 8263.22406744 -130.614220645 12 32 3 6099 0.1808
603 12670.9681903 34402.3848995 11418.8619439 -137.983752496 12 39 2 7297 1.0
604 4283.86370491 10826.3509433 7411.95916076 -144.162311168 12 28 6 5316 1.0
605 8039.4146288 6633.29743315 6758.55809235 -144.988775408 12 37 5 6986 1.0
606 12394.3026421 -2566.65120577 8296.66470669 -146.695559983 12 47 9 8792 1.0
607 8033.37912842 -28862.3359564 8565.21119594 -150.521181746 12 31 2 5838 1.0
608 10304.2785864 -43465.5234188 7529.42060165 -152.24318132 12 46 3 8666 1.0
609 2520.97573159 -55810.6899301 6085.55445798 -153.541543815 12 25 2 4773 1.0
610 16387.6169409 -60036.9572641 9091.05710263 -153.969989706 12 24 2 4466 1.0
611 11370.8252544 -79173.6812983 9857.84613964 -155.663767274 12 45 5 8447 1.0
612 2715.87230801 -83839.4368132 8031.82778792 -156.052636865 12 39 5 7405 1.0
613 4465.80576596 -102265.582931 2856.26194795 -157.464320911 12 33 2 6267 1.0
614 4790.59610611 -123882.18273 7677.32077029 -158.944314887 12 35 3 6816 1.0
615 28180.8201148 70730.4262701 8328.34028852 -130.473779741 12 26 0 4928 0.1756
616 19179.0932804 66549.5836986 10438.8091957 -124.004213919 12 34 4 6440 0.0317
617 19443.3148857 54217.4163599 10072.5668818 -130.508729628 12 35 2 6526 0.1769
618 11889.4601518 40234.5699729 9699.19119813 -135.795804897 12 24 1 4471 0.4317
619 31292.4655295 17242.3924358 11436.3258559 -143.816034532 12 44 6 8056 1.0
620 18549.3887337 1532.5852492 5258.15232083 -146.09692452 12 35 2 6469 1.0
621 28348.2760594 -5568.4268616 9363.01473835 -147.611194846 12 52 4 9561 1.0
622 19416.2905843 -19697.3991292 6430.68558418 -149.410092889 12 34 6 6309 1.0
623 20345.7400818 -28206.5248701 8153.295847 -150.537216755 12 34 5 6326 1.0
624 24563.9156511 -47439.2888525 10956.439331 -152.794272052 12 36 8 6639 1.0
625 24157.2687775 -65844.4089323 5060.38318309 -154.578314151 12 29 4 5334 1.0
626 4020.00140568 -82290.1020676 11366.4634091 -155.922974498 12 38 2 7206 1.0
627 28511.248015 -95959.8899748 10502.3088477 -157.090629333 12 41 6 7569 1.0
628 18724.5653288 -103302.561953 4869.75318825 -157.56150701 12 41 4 7663 1.0
629 29122.3568912 -113365.833104 9897.09529594 -158.327290086 12 40 4 7542 1.0
630 36244.4001976 63241.2611185 8901.55215308 -135.133261243 12 30 5 5589 0.3949
631 31761.4166992 64774.7191154 9315.63148677 -132.927865541 12 38 3 7127 0.2804
632 38422.0765982 36207.5440313 10307.4458805 -140.842464124 12 32 4 5882 1.0
633 27662.2966724 25260.5926437 5766.39890319 -141.767673571 12 34 3 6248 1.0
634 30412.11509 17445.1272704 1449.65772051 -143.700976293 12 42 6 7709 1.0
635 32209.178771 10289.6105487 9007.35578873 -145.191965116 12 39 5 7134 1.0
636 28280.6671662 -714.577330573 9496.62942049 -146.84174139 12 35 8 6416 1.0
637 21779.6631326 -17643.2485553 6675.02787934 -149.173538157 12 30 4 5558 1.0
638 38695.7579363 -42245.2601033 9032.62652346 -152.555906924 12 31 1 5665 1.0
639 30312.5681833 -60286.9689367 11429.8825808 -154.148990069 12 36 9 6573 1.0
640 32336.0192659 -67664.1426895 4511.76805263 -154.849264627 12 32 4 5851 1.0
641 20169.2022376 -81698.1843048 7641.56052903 -155.911118877 12 33 1 6109 1.0
642 26061.3983313 -87264.8269038 6412.66243249 -156.404095901 12 33 1 6058 1.0
643 15122.5417303 -108474.009116 11861.134461 -157.915647882 12 42 3 7949 1.0
644 34254.3665734 -127072.916689 10506.6519237 -159.258192111 12 41 7 7922 1.0
645 40861.6646391 68750.9430453 3736.92145057 -136.607986466 12 38 3 7155 0.4777
646 29376.8821149 54445.9979967 9036.59477872 -134.116036121 12 44 1 8115 0.3402
647 43478.5627146 34847.8833711 9313.10837357 -141.996313884 12 37 3 6795 1.0
648 41694.3172526 20034.1791023 11370.054313 -144.348761255 12 33 1 6011 1.0
649 38035.0704607 27595.5943043 11809.5448612 -142.509396158 12 40 8 7313 1.0
650 32420.6932574 -5235.90191785 10634.2191503 -147.742848339 12 27 3 4937 1.0
651 40448.4190784 -11017.04373 3725.40046902 -148.964934789 12 30 3 5487 1.0
652 31870.8413868 -17237.1955537 8259.56347338 -149.412288891 12 44 2 8080 1.0
653 40263.3090496 -35544.1431592 3681.29302364 -151.894320333 12 38 5 6940 1.0
654 45657.9291522 -53418.5517959 8616.12184142 -153.846659965 12 40 6 7328 1.0
655 48330.466703 -54124.6385676 10098.4882948 -153.988599541 12 43 3 7862 1.0
656 44389.890011 -68352.1638162 10517.603843 -155.136979683 12 27 6 4935 1.0
657 52357.4423193 -97571.3523533 11376.7414212 -157.540263658 12 36 6 6622 1.0
658 42781.9350373 -104810.040166 5115.97320369 -157.889307215 12 39 3 7221 1.0
659 40808.1201074 -112740.863557 5111.18915292 -158.400651314 12 35 2 6572 1.0
660 65594.313021 75533.8703563 10747.4964432 -143.661577401 12 45 6 8575 1.0
661 57357.3447177 57026.3575316 7520.59373932 -142.165952513 12 42 7 7753 1.0
662 57539.6386618 44913.1510147 1846.78315748 -143.262212404 12 41 10 7534 1.0
663 55638.3703022 28428.5448959 6225.72748732 -144.916811402 12 46 5 8412 1.0
664 59107.0814512 11015.552982 7093.61308698 -147.553361532 12 38 7 6948 1.0
665 40901.9604844 5246.25561051 9054.47314079 -146.675973611 12 39 7 7118 1.0
666 54110.888517 -14304.3638108 5100.06226414 -150.159950659 12 31 6 5654 1.0
667 55629.2357134 -23545.4600517 5805.68095929 -151.264295955 12 25 4 4548 1.0
668 52442.1818008 -41700.5689625 6351.19889217 -152.960440946 12 32 7 5874 1.0
669 48883.2202982 -60273.9478388 10557.3668051 -154.553089926 12 42 8 7721 1.0
670 56214.3587305 -73336.007968 10164.3736975 -155.83097394 12 36 9 6595 1.0
671 44677.5475518 -73396.2384256 6086.7460862 -155.562964822 12 30 6 5495 1.0
672 50263.865836 -96028.6242693 8215.30663175 -157.393601007 12 44 6 8073 1.0
673 47370.0587641 -114094.491435 10953.2564564 -158.574407589 12 34 3 6390 1.0
674 56849.0412799 -115326.399293 1813.04511289 -158.798327127 12 42 4 7939 1.0
675 73345.0934852 69688.3762947 5640.02435135 -145.211554908 12 35 3 6589 1.0
676 51836.05753 60019.0968624 10315.3663305 -140.574455633 12 40 3 7398 1.0
677 64845.7248073 35774.2505791 8903.54267435 -145.494548807 12 44 6 8034 1.0
678 59598.7890933 33277.5526104 3398.77490645 -144.924415274 12 36 3 6586 1.0
679 63613.6479956 9548.79897405 8854.40352326 -148.188419229 12 32 3 5853 1.0
680 63661.5607795 -2432.50511511 6588.71377206 -149.520176994 12 36 7 6606 1.0
681 66913.980625 -15187.2720367 5752.68521617 -151.090827835 12 33 3 6081 1.0
682 66388.3012627 -23361.3116669 4552.49491207 -151.857909222 12 36 6 6568 1.0
683 71422.2624207 -44272.1136027 8692.09426156 -154.001052433 12 41 9 7467 1.0
684 54821.7370304 -43854.1397127 9186.06818821 -153.25686984 12 38 5 6961 1.0
685 59121.8787767 -64750.9050398 8875.03214994 -155.22822156 12 31 3 5656 1.0
686 65980.4353548 -84690.2767275 9085.79621216 -156.936532621 12 39 8 7140 1.0
687 67764.9884396 -95585.1756011 5575.17031385 -157.732699172 12 40 4 7357 1.0
688 67362.2879968 -110496.62504 8960.58196387 -158.689527686 12 33 2 6206 1.0
689 67287.7759497 -108895.51132 7968.37414789 -158.587286964 12 25 1 4655 1.0
690 75771.8403589 62343.5420145 9559.1930701 -145.768506662 12 43 2 8025 1.0
691 73309.7236661 60567.2745301 3046.98626049 -145.359852561 12 49 2 9106 1.0
692 78507.7953819 38586.0412139 5728.29706787 -147.366739822 12 39 11 7156 1.0
693 75836.8136465 32569.8392302 2698.44777743 -147.424597826 12 37 1 6756 1.0
694 83342.5946306 16494.4995006 3582.7082107 -149.639723579 12 43 7 7876 1.0
695 77336.4732362 7884.40837396 5287.12756019 -149.741916382 12 43 7 7871 1.0
696 71196.4659409 -9016.8950856 8674.09957389 -150.794776925 12 31 2 5636 1.0
697 71642.5819065 -12164.7680052 10989.2486205 -151.130570943 12 34 3 6226 1.0
698 74903.1829212 -37072.731659 5006.37965318 -153.567330434 12 40 6 7299 1.0
699 77537.6012136 -59471.6463428 10384.4850589 -155.469421589 12 36 1 6563 1.0
700 71543.3584587 -68893.0310352 10088.0643706 -155.953407936 12 40 7 7345 1.0
701 85177.8086622 -78008.0544476 11409.3258616 -157.063928382 12 30 5 5501 1.0
702 77502.959102 -99040.488162 9331.38779917 -158.202038975 12 32 4 5904 1.0
703 66726.3526549 -93993.942011 11824.6911171 -157.600503962 12 39 4 7129 1.0
704 74752.6011857 -127422.468888 11745.719127 -159.847537828 12 35 2 6746 1.0
705 87193.5545271 62009.6259172 10115.3341465 -147.705184331 12 39 7 7217 1.0
706 76516.589611 63970.894538 11322.8558605 -145.870103004 12 41 1 7654 1.0
707 87661.612047 43552.3823385 4237.62089134 -148.402530662 12 34 5 6194 1.0
708 85758.7327923 31516.4706191 785.649821537 -148.834081773 12 40 7 7313 1.0
709 96050.7253331 15643.8556375 4517.02050062 -151.048769387 12 40 9 7318 1.0
710 85021.202264 688.41249144 3322.38070632 -151.08073492 12 48 13 8801 1.0
711 82275.6790485 -6583.91275423 10018.2750229 -151.450610439 12 40 5 7286 1.0
712 75011.8262693 -26481.5164476 11411.7182738 -152.663520786 12 35 6 6396 1.0
713 101715.317123 -35084.3513125 9939.19844194 -154.924198141 12 38 2 6987 1.0
714 86197.4592062 -58752.6264054 8997.56128518 -155.776948813 12 37 2 6794 1.0
715 84418.7605239 -64166.6921715 7503.0800134 -156.086840848 12 41 9 7480 1.0
716 92274.7023822 -76142.541139 6434.17835121 -157.195609945 12 33 9 6043 1.0
717 101369.154054 -89311.2563892 9538.43094373 -158.327655545 12 34 7 6219 1.0
718 84244.2300079 -111434.445828 8167.96766949 -159.128815103 12 29 1 5456 1.0
719 86033.0442355 -119931.393695 6591.37309142 -159.660945184 12 33 3 6280 1.0
720 107878.244564 73547.7325357 4768.32679553 -150.547139318 12 35 4 6627 1.0
721 107670.002335 54830.5924762 10188.6970472 -150.679611922 12 27 6 4961 1.0
722 113388.048774 38587.7539129 11037.5619332 -151.785548496 12 37 3 6760 1.0
723 89963.515536 33475.7846029 8354.5872846 -149.250966905 12 34 3 6199 1.0
724 101448.005643 20226.7212644 3774.44957531 -151.329875663 12 34 7 6197 1.0
725 106503.367226 60.058240597 9462.90595659 -152.992751287 12 29 7 5322 1.0
726 95577.3013768 -17706.335505 11648.4193522 -153.324929707 12 38 8 6945 1.0
727 109153.667911 -20162.3526345 11631.0309041 -154.43775573 12 38 7 6962 1.0
728 114813.681831 -35462.8123098 10992.7410769 -155.722366596 12 32 4 5865 1.0
729 107844.676402 -43996.417512 11532.6524626 -155.844894224 12 39 8 7148 1.0
730 101711.940198 -52535.3257402 10856.5167058 -156.070725204 12 41 7 7528 1.0
731 105156.938301 -71000.2909795 9197.34894857 -157.379846341 12 43 7 7872 1.0
732 97419.3505156 -98977.0574739 11037.6751213 -158.763679877 12 29 2 5343 1.0
733 89462.7639154 -104988.003631 8537.5324045 -158.884920113 12 40 3 7422 1.0
734 108977.509818 -119898.701015 5963.18049436 -160.24029628 12 25 3 4747 1.0
735 117506.568475 64997.5283776 6211.80314215 -151.719285255 12 23 2 4306 1.0
736 115262.147023 61167.6177553 6493.59802457 -151.492463596 12 36 2 6704 1.0
737 114058.99462 43529.8444386 1902.47624054 -151.705597196 12 41 7 7530 1.0
738 116726.688358 30101.0209178 6899.64751488 -152.441439321 12 43 6 7871 1.0
739 116283.914103 20479.3624246 3187.65173479 -152.795916624 12 46 6 8424 1.0
740 102254.969853 2729.64443472 7691.63083328 -152.462685628 12 35 9 6394 1.0
741 113264.885462 -4710.44915289 5456.53976029 -153.822564905 12 26 3 4753 1.0
742 113575.572251 -27444.7961062 5850.39981914 -155.17188457 12 32 6 5859 1.0
743 106786.494367 -40500.0970159 9976.32754369 -155.56701261 12 40 2 7333 1.0
744 120609.701992 -48262.1263269 10857.3283966 -156.779495134 12 40 8 7331 1.0
745 118669.003054 -54925.4067755 8718.65755716 -157.053926286 12 26 1 4748 1.0
746 102829.970827 -73265.0968994 7775.26229818 -157.422394044 12 33 3 6083 1.0
747 119357.791779 -84262.0032008 6731.11020603 -158.699463902 12 30 3 5493 1.0
748 114900.615239 -105525.552901 5463.26675131 -159.668892783 12 35 4 6496 1.0
749 114296.812079 -112071.479597 5020.47676281 -159.989362617 12 38 4 7140 1.0
750 133250.445078 78775.568525 9474.7483656 -153.414543496 12 34 6 6523 1.0
751 115593.315805 61212.2155427 7245.27386073 -151.530446622 12 41 8 7618 1.0
752 128443.165789 46964.217081 2871.48176296 -153.143019536 12 36 4 6592 1.0
753 119701.504722 23061.115989 7972.54704608 -153.011664499 12 42 9 7720 1.0
754 132644.220697 18852.5662206 5026.9640263 -154.342327322 12 34 4 6237 1.0
755 114705.92601 10495.5908713 9725.07685327 -153.125378336 12 39 4 7151 1.0
756 127494.5677 -8676.71410267 910.573375616 -155.109485216 12 31 4 5707 1.0
757 120728.922853 -22726.2492252 1145.51817311 -155.367121768 12 33 6 6030 1.0
758 133239.801386 -38307.4454533 5729.89082187 -156.948501647 12 29 4 5361 1.0
759 124275.010214 -47614.6591709 3233.9919351 -156.93787602 12 43 8 7872 1.0
760 131568.933252 -71358.8920661 8983.92154793 -158.530426976 12 34 3 6260 1.0
761 123361.246205 -67717.4050262 9003.5904557 -157.97805889 12 31 5 5680 1.0
762 128792.490122 -95227.0425904 5299.61418133 -159.615099075 12 34 5 6269 1.0
763 123101.131571 -103702.986349 1274.91932373 -159.841295161 12 27 1 4993 1.0
764 121543.801015 -109033.831623 10041.9624575 -160.058132916 12 30 2 5631 1.0
765 137740.415951 72183.5850445 2431.31478482 -153.833910389 12 45 1 8531 1.0
766 127795.266093 53139.8717345 7507.40178817 -152.967997537 12 31 4 5724 1.0
767 132755.926201 40276.9591386 8089.68620823 -153.710145767 12 37 4 6772 1.0
768 122464.426 29695.4753481 11439.4850117 -153.026016633 12 45 4 8235 1.0
769 148456.478496 13737.4923496 9316.61101012 -155.797837869 12 34 3 6344 1.0
770 139081.049165 3480.31562007 5241.80167215 -155.441215543 12 39 4 7212 1.0
771 143003.936176 -8228.31386308 3399.35043251 -156.193386026 12 25 4 4678 1.0
772 126363.627053 -14504.7466303 11274.0851109 -155.317311952 12 30 4 5524 1.0
773 145127.302057 -26832.3300507 10875.4575719 -157.11598142 12 32 6 6004 1.0
774 140991.258965 -44654.5786765 8774.2284468 -157.684813004 12 25 1 4671 1.0
775 134678.668455 -53512.1462995 10965.2415198 -157.782475693 12 45 13 8332 1.0
776 125660.754322 -77687.8020259 8268.27417981 -158.603463011 12 32 3 5859 1.0
777 141143.45202 -82086.6861605 8027.91073554 -159.455769519 12 37 7 6927 1.0
778 133914.282337 -95428.6515779 7998.72051865 -159.810571016 12 28 0 5190 1.0
779 149883.816053 -114086.871083 10399.4391777 -161.209199252 12 27 1 5210 1.0
780 152887.350933 62114.9843481 8930.85890988 -155.246136736 12 37 3 6982 1.0
781 146088.309603 58084.6134255 564.696634276 -154.672518255 12 28 1 5230 1.0
782 143328.302478 35819.8587745 11923.724123 -154.774535167 12 26 4 4773 1.0
783 137239.092603 29880.8629213 8659.73006995 -154.390214708 12 46 6 8448 1.0
784 141434.938158 12716.4605689 11393.1670321 -155.28357955 12 41 9 7598 1.0
785 148361.588221 2219.42855071 3018.94919715 -156.175598629 12 24 1 4517 1.0
786 152103.686596 -6525.78653388 2996.74087442 -156.75182679 12 25 4 4751 1.0
787 149558.70807 -18692.2774356 5626.22829652 -157.051376634 12 38 3 7235 1.0
788 160345.841989 -40290.9503051 9361.6272985 -158.542582645 12 31 2 5979 1.0
789 152601.365702 -49983.4366741 6748.60853658 -158.53358559 12 37 2 7035 1.0
790 158656.774889 -54850.9673613 10750.9752736 -159.041815245 12 39 5 7543 1.0
791 156410.224337 -72571.9077256 11294.3830868 -159.678093648 12 40 3 7671 1.0
792 160280.598769 -84698.943789 9959.03372492 -160.348469058 12 27 1 5220 1.0
793 150793.273111 -93990.9594196 10649.62839 -160.371959733 12 36 2 6838 1.0
794 154436.079871 -124031.556751 7636.87502708 -161.772608387 12 31 1 6066 1.0
795 162806.507215 70933.2262898 1051.23177119 -156.055825012 12 35 3 6779 1.0
796 152532.362778 56773.3226188 5383.28045976 -155.252237645 12 36 3 6766 1.0
797 152026.33727 45509.4043154 11907.5392676 -155.341266725 12 34 1 6331 1.0
798 166923.044256 27652.6467933 9576.88034182 -156.836874265 12 36 1 6903 1.0
799 167446.768569 25514.6219661 8946.18368453 -156.918992442 12 26 2 5003 1.0
800 1762.51000764 62144.0464947 10738.6304212 -122.437778236 12 37 5 7119 0.0187
801 1978.18555504 55994.6496469 1579.78274759 -127.540354247 12 34 2 6516 0.0883
802 10554.4837885 49158.5095188 5686.07995818 -131.46693968 12 36 9 6736 0.2146
803 1174.63394091 21751.468507 9011.27512358 -141.731048082 12 39 2 7442 1.0
804 13275.7238282 25044.3244044 9435.3770148 -140.831316988 12 31 2 5808 1.0
805 11156.8565084 -3507.1649485 11892.233699 -146.844009389 12 28 2 5236 1.0
806 13691.3554451 -10888.9146533 5995.13773672 -148.053559016 12 36 5 6705 1.0
807 2662.85293015 -21816.9316576 1373.46978981 -149.619259816 12 36 1 6844 1.0
808 13870.4755387 -30524.3586552 8369.6074525 -150.75114318 12 29 7 5420 1.0
809 -7105.82321576 -45484.2516972 9930.59319162 -152.56358607 12 38 4 7340 1.0
810 17779.5247396 -56988.4436816 11695.2182576 -153.684596672 12 36 4 6691 1.0
811 -8100.16962899 -71254.4495033 11298.1375669 -155.056695808 12 32 4 6195 1.0
812 7009.97352601 -87433.8245903 2712.38239312 -156.334927427 12 34 2 6433 1.0
813 6405.06952596 -107615.817343 6183.45884758 -157.845376245 12 35 7 6673 1.0
814 -191.275726373 -125255.4709 11641.5315005 -159.041783618 12 31 3 6066 1.0
815 20092.9666384 82771.3623731 11787.5967884 -128.2150999 12 37 3 7177 0.1047
816 15610.8249301 59497.200923 2606.36181007 -125.652282772 12 46 4 8638 0.0525
817 24403.7580667 49813.8294827 7260.83543058 -133.989760925 12 24 4 4421 0.3336
818 17555.6278127 31346.0080776 3749.03078715 -139.25233578 12 42 5 7755 1.0
819 16508.4330967 20721.8368126 4772.62640704 -142.060661308 12 29 3 5402 1.0
820 10871.06714 -6046.53095595 10388.8070284 -147.263471024 12 36 3 6750 1.0
821 23676.9959818 -16657.6739922 8102.6640306 -149.081094411 12 30 3 5528 1.0
822 4227.01926336 -25603.7860408 9994.05323621 -150.112168188 12 32 1 6034 1.0
823 24942.4238172 -33746.2816775 5711.527884 -151.288021041 12 34 3 6243 1.0
824 14238.7844866 -58199.3418133 8446.47027276 -153.780809617 12 36 5 6719 1.0
825 16268.2293756 -67577.4375208 5677.20010408 -154.671248915 12 32 6 5962 1.0
826 14831.5944041 -83472.8507505 6947.28764744 -156.028671878 12 33 3 6128 1.0
827 26775.3251532 -83962.8584633 9189.58576383 -156.148920526 12 31 2 5681 1.0
828 9405.87482677 -100663.804511 5238.64298777 -157.345439684 12 38 2 7187 1.0
829 25876.2340134 -126525.495123 11400.7888641 -159.164647645 12 28 1 5397 1.0
830 31792.8043514 76876.2708261 5890.47467071 -132.903182047 12 35 2 6724 0.2792
831 18082.1133788 53618.6627985 8720.69826065 -130.366901179 12 39 6 7274 0.1717
832 25231.9097617 35134.0224322 11190.6994321 -138.949746225 12 37 8 6790 1.0
833 25001.1825729 28580.8206816 2319.51604096 -140.688869412 12 46 3 8463 1.0
834 37869.8533218 19438.8237046 6375.64147805 -144.032627431 12 40 7 7304 1.0
835 23674.2995827 6518.40293026 3405.31483656 -145.379326734 12 38 6 6967 1.0
836 32789.3986299 -17043.7172223 7588.97914541 -149.420463839 12 29 5 5314 1.0
837 22299.3557217 -17474.9962628 6511.19525796 -149.161749276 12 20 0 3707 1.0
838 22126.7136195 -36974.8217837 9750.04835146 -151.614069208 12 30 2 5498 1.0
839 23853.77516 -59480.9571794 9923.59675401 -153.983762167 12 24 4 4430 1.0
840 36074.717997 -67065.6934251 5736.61797576 -154.859241003 12 30 4 5468 1.0
841 36309.4281385 -81536.8525931 11562.6131969 -156.072405891 12 38 8 6934 1.0
842 27715.50241 -96321.5738891 7548.08077406 -157.110327624 12 38 5 6976 1.0
843 21190.1553256 -93379.4605018 11078.3671768 -156.840082898 12 35 2 6462 1.0
844 39355.3522518 -108654.758892 11103.6401576 -158.108707591 12 41 4 7633 1.0
845 51689.5301443 61969.3177785 11944.0738966 -140.413520362 12 35 3 6515 1.0
846 44434.8667432 57281.8305068 6584.7571535 -138.700941937 12 32 2 5900 1.0
847 33725.1045393 41044.7046988 10597.4898618 -138.863450029 12 44 6 8040 1.0
848 45383.9089786 34842.8886824 8574.51493175 -142.329106413 12 40 4 7347 1.0
849 46774.0783774 9202.65513613 8626.25908275 -146.57991234 12 40 5 7313 1.0
850 33334.0750297 -4395.78642841 9451.96274817 -147.662152221 12 32 7 5845 1.0
851 40645.5521407 -6536.0095722 4378.12011446 -148.370020756 12 35 8 6412 1.0
852 32184.5985039 -16194.7766098 8804.2795693 -149.284701209 12 42 7 7698 1.0
853 42167.9590988 -29999.2666849 6566.63930357 -151.351741036 12 28 5 5152 1.0
854 35450.5609948 -38168.4994528 11840.0371047 -152.033588327 12 37 1 6774 1.0
855 37168.2053236 -54123.2239588 11256.9934261 -153.698178035 12 35 1 6393 1.0
856 39254.7630638 -79154.353791 2917.02520827 -155.928249485 12 34 8 6224 1.0
857 49150.6976217 -85193.0058524 7158.22773095 -156.580858474 12 32 8 5876 1.0
858 35896.652914 -106698.493157 3813.42849174 -157.935010846 12 33 2 6125 1.0
859 52512.397535 -124023.314118 11246.1059409 -159.273725557 12 39 5 7483 1.0
860 64675.7763528 64797.8217131 10773.8833654 -143.49491395 12 27 3 5058 1.0
861 57622.483837 54300.8960904 8425.98622521 -142.422160199 12 23 5 4238 1.0
862 60833.0581135 33623.5452911 11646.6002439 -145.081105843 12 44 9 8066 1.0
863 50689.3655457 36814.5545187 6134.45282987 -142.963469525 12 31 1 5690 1.0
864 59693.4176047 9220.13172552 8963.18869234 -147.829553055 12 37 10 6768 1.0
865 52682.5768345 9504.87479374 6273.42927853 -147.098372277 12 33 7 6037 1.0
866 46771.7907891 -4903.17666083 10186.9686568 -148.535622816 12 33 2 6035 1.0
867 46271.4481757 -13156.5145141 10409.0267744 -149.557966918 12 31 4 5648 1.0
868 60840.2390664 -32499.7500694 6294.87755041 -152.437845839 12 32 6 5859 1.0
869 55167.4659488 -44855.581025 7230.19366904 -153.363791883 12 28 6 5135 1.0
870 62113.1212964 -70026.6173678 9276.36105142 -155.738151506 12 32 4 5890 1.0
871 47459.5608852 -70751.3555634 6315.49027376 -155.406705196 12 35 8 6386 1.0
872 50697.5771829 -86332.0181392 6336.13630389 -156.697342336 12 41 8 7510 1.0
873 48210.9062657 -110961.197174 7711.63706391 -158.381081383 12 59 2 11096 1.0
874 56128.0019417 -120833.693133 3999.35521564 -159.130847552 12 27 1 5156 1.0
875 64752.1009137 64918.929678 6815.2584973 -143.508768482 12 38 7 7113 1.0
876 60182.2600379 63347.7583807 6015.67609717 -142.515814483 12 29 3 5413 1.0
877 70864.1723897 49697.28975 6307.31434738 -145.403431637 12 39 6 7122 1.0
878 70294.888871 33040.2719807 8747.19580428 -146.587783834 12 37 5 6772 1.0
879 78130.2868354 16576.7858021 10300.764087 -149.054893295 12 30 4 5533 1.0
880 58956.7310257 -6499.19381915 10799.8446423 -149.601622689 12 40 8 7295 1.0
881 61355.3217028 -13288.1363823 7518.0440017 -150.517730882 12 41 7 7519 1.0
882 55724.8659077 -33227.5320895 11985.8838764 -152.265583305 12 29 5 5305 1.0
883 67860.3396631 -41254.5616954 4909.43988661 -153.577624256 12 39 8 7115 1.0
884 60049.1187029 -49408.7561884 1841.39601455 -153.962378883 12 30 4 5512 1.0
885 59649.4147531 -57493.9929456 9983.08353841 -154.644735861 12 36 5 6634 1.0
886 65586.7326887 -75861.9576313 3801.5428349 -156.284431036 12 30 5 5489 1.0
887 63553.7965422 -92184.3670821 4820.48153916 -157.400911447 12 34 5 6215 1.0
888 57270.2342492 -94947.3817167 9640.52183413 -157.453407155 12 31 7 5658 1.0
889 66738.9963895 -108498.688532 8419.36230172 -158.550766943 12 48 4 8951 1.0
890 84770.5025842 73781.9045356 5653.72820781 -147.242747393 12 36 2 6826 1.0
891 66069.8498114 56385.9784734 7876.02285944 -144.110091034 12 33 6 6091 1.0
892 82857.5571314 48133.9598737 4985.21502599 -147.476281195 12 37 8 6788 1.0
893 73254.618114 41801.9088915 11081.3455056 -146.33529901 12 32 6 5857 1.0
894 77786.8034489 10765.8463942 6873.63414683 -149.529227449 12 29 2 5318 1.0
895 77637.2745049 5838.07780793 4246.79084904 -149.955792007 12 48 12 8772 1.0
896 74068.5347736 -3276.2745126 8508.08838747 -150.476303966 12 36 5 6569 1.0
897 77313.8731772 -16383.0074971 7402.72717377 -151.92411315 12 32 2 5863 1.0
898 81087.8474285 -26683.3518612 9739.9320235 -153.052379673 12 27 6 4927 1.0
899 81780.618749 -45869.4951841 8828.42483827 -154.621844023 12 36 6 6602 1.0
900 82747.656959 -57750.2540878 6149.72309878 -155.55720184 12 36 7 6591 1.0
901 63978.8331875 -72412.1320039 10726.4801246 -155.977509034 12 31 7 5706 1.0
902 81008.8670575 -99071.0792844 9133.32603092 -158.296650773 12 31 6 5712 1.0
903 85391.2031374 -103481.918556 11534.9266395 -158.6850037 12 32 7 5907 1.0
904 76931.0244948 -127341.06238 10897.4856664 -159.885331147 12 26 3 5021 1.0
905 96804.5976258 77440.2133944 8132.62965965 -149.098304544 12 37 7 7044 1.0
906 94574.1931442 51022.2679128 10902.7100449 -149.070607019 12 36 9 6602 1.0
907 93258.8950241 45956.9195944 2284.71703714 -149.071812678 12 41 4 7506 1.0
908 91295.4805033 24689.0962125 8133.8582424 -149.950162081 12 29 4 5316 1.0
909 100580.218956 12597.3252913 9920.35080338 -151.69203917 12 30 5 5487 1.0
910 79758.9731051 -4643.48204705 10499.5169402 -151.077059698 12 32 10 5861 1.0
911 89892.1876505 -3701.75676876 6133.56805842 -151.848056206 12 43 6 7889 1.0
912 87972.2803582 -18221.9254067 5160.50341677 -152.826289061 12 31 8 5695 1.0
913 93704.0788032 -37252.3454168 2058.38405109 -154.610426132 12 36 3 6602 1.0
914 90346.9728543 -59727.8635262 10931.2838033 -156.02461693 12 34 7 6211 1.0
915 102853.513131 -61052.4982332 11200.6184673 -156.667492141 12 46 6 8387 1.0
916 86622.7710611 -81643.8474944 5107.32514656 -157.352690825 12 27 2 4961 1.0
917 91638.6883785 -98583.0981347 8575.10761746 -158.566847709 12 39 2 7207 1.0
918 87073.1933573 -92700.0877095 10795.8653383 -158.071766689 12 33 3 6024 1.0
919 88891.2875514 -119092.922186 3721.76205843 -159.680977991 12 32 5 6063 1.0
920 108332.261662 70471.1146022 4505.38904692 -150.600215336 12 40 2 7534 1.0
921 98951.7014591 58737.77986 1601.25191844 -149.478471465 12 40 7 7417 1.0
922 99215.6079386 46132.630823 5045.26185547 -149.85167796 12 31 3 5652 1.0
923 92861.527039 36391.0175856 7544.38107778 -149.459299326 12 40 11 7334 1.0
924 105769.284115 7276.30061308 10224.734934 -152.497780474 12 42 7 7713 1.0
925 93419.0589735 3945.83630146 4437.54376003 -151.590746355 12 41 10 7493 1.0
926 97356.2708412 -1405.04367509 10391.3181213 -152.312727503 12 35 6 6440 1.0
927 92850.3097095 -26288.3692994 6028.95332568 -153.764478546 12 36 4 6611 1.0
928 98406.3859682 -41679.5944761 7626.22483254 -155.180231648 12 50 9 9162 1.0
929 98381.1868911 -60740.742221 10991.7454511 -156.446616755 12 26 4 4762 1.0
930 99533.131043 -61895.4275245 4509.49512853 -156.57240455 12 38 5 6944 1.0
931 88942.1368717 -75069.2290473 9043.79273367 -157.003115937 12 36 3 6605 1.0
932 104846.351401 -91582.9308411 1857.88275989 -158.577849837 12 39 3 7155 1.0
933 101274.673769 -96777.0117641 7477.23605257 -158.757267987 12 39 5 7134 1.0
934 102477.701937 -110921.131573 6080.79845799 -159.583885498 12 37 7 6942 1.0
935 107748.847504 70120.2599845 8153.66541066 -150.527179541 12 34 6 6416 1.0
936 101869.19228 55236.8820672 8320.92408583 -149.936971902 12 27 4 4979 1.0
937 114697.528913 52128.4316267 8058.86728562 -151.566860619 12 35 5 6473 1.0
938 98726.4493637 26262.1830767 11995.7983971 -150.70042191 12 30 5 5484 1.0
939 104990.804075 18132.4694716 10895.8981506 -151.807223816 12 36 8 6608 1.0
940 110474.92453 -4621.58551621 8548.09228517 -153.596505608 12 36 5 6608 1.0
941 110543.78512 64.7641216643 10951.9061951 -153.330280752 12 35 6 6380 1.0
942 116234.097172 -17560.0472541 8336.51832336 -154.773522191 12 52 7 9504 1.0
943 113131.66678 -33556.9796283 3898.45506974 -155.508864315 12 29 5 5299 1.0
944 105942.163076 -53344.7749142 5306.68789716 -156.330256351 12 48 5 8802 1.0
945 114264.395011 -55282.140506 8054.69652563 -156.856849187 12 36 4 6590 1.0
946 106139.549683 -74076.1132505 4489.60192188 -157.604306848 12 35 3 6396 1.0
947 114185.223983 -93294.9072267 3684.90267778 -158.995668996 12 44 4 8042 1.0
948 114126.741276 -114509.807237 11876.9006547 -160.109338696 12 38 4 7163 1.0
949 105067.15001 -119667.629583 11152.728995 -160.122643083 12 30 4 5696 1.0
950 128233.019394 64195.8044363 6800.77113742 -152.89598772 12 50 5 9321 1.0
951 125887.365871 53221.4585827 5929.2590277 -152.769201844 12 39 5 7191 1.0
952 132124.409334 33144.799029 11806.924506 -153.835109834 12 28 5 5118 1.0
953 113955.468993 24097.7212932 10320.0638775 -152.409324243 12 40 2 7329 1.0
954 122960.721121 18545.5284858 5046.62361911 -153.499614651 12 44 2 8041 1.0
955 129527.834349 6964.07686323 8259.19263355 -154.549876237 12 40 6 7323 1.0
956 122758.281914 -8618.79836549 5175.83159878 -154.758468843 12 42 11 7649 1.0
957 132295.643299 -27691.9199565 11474.5711149 -156.366183925 12 46 6 8503 1.0
958 121409.048282 -32988.5847359 7268.75361917 -155.975425255 12 37 6 6795 1.0
959 113418.486439 -43387.9928849 10574.5205836 -156.112031828 12 29 3 5326 1.0
960 138397.493731 -63509.2710333 10546.2932675 -158.452591798 12 29 3 5389 1.0
961 115521.937626 -80493.4136081 7438.29388969 -158.345555146 12 22 3 4034 1.0
962 128459.450233 -82506.1275291 7528.81749882 -158.964493836 12 28 6 5155 1.0
963 132188.412121 -106744.14545 10851.3923289 -160.291906635 12 25 3 4666 1.0
964 128714.066355 -119627.275875 2912.83293317 -160.792620836 12 41 5 7819 1.0
965 134599.670653 66628.7770308 6827.87517095 -153.532520638 12 42 4 7891 1.0
966 134384.625621 61283.5789937 3751.22345652 -153.540615979 12 42 4 7793 1.0
967 135532.811219 47915.4936812 5731.26495537 -153.819796509 12 40 5 7336 1.0
968 130273.951336 40011.1364031 9942.08981584 -153.478515723 12 38 4 6955 1.0
969 140707.054463 18983.5509055 1867.97041688 -155.015546994 12 34 4 6297 1.0
970 130984.483081 -5173.08249813 9520.67171093 -155.200659221 12 39 2 7214 1.0
971 141614.357978 -4739.6113621 5086.15998916 -155.954305917 12 38 4 7080 1.0
972 128397.939585 -12714.4432243 11581.2874563 -155.371167627 12 47 7 8613 1.0
973 130977.534976 -28856.0926449 11615.5043051 -156.342370606 12 37 3 6816 1.0
974 134185.803539 -54970.6990985 5219.57202426 -157.830252195 12 33 8 6119 1.0
975 148501.238504 -65759.5846056 9022.08482031 -159.026227887 12 31 1 5849 1.0
976 136306.941394 -82282.1585729 6193.24811259 -159.268667593 12 33 4 6117 1.0
977 145938.847548 -89695.940743 6090.58268931 -159.99579703 12 45 6 8454 1.0
978 135860.831031 -100642.324275 3431.18681579 -160.128507962 12 24 2 4478 1.0
979 143680.164573 -111260.911944 6766.62423119 -160.881252748 12 37 1 7076 1.0
980 161119.3016 69405.0105221 9396.87157129 -155.918604158 12 36 1 6924 1.0
981 144930.863478 67061.2886051 9536.57605496 -154.517160432 12 40 4 7569 1.0
982 158078.990977 49147.8647563 7979.09752896 -155.797276939 12 40 0 7532 1.0
983 152915.504365 33470.7163316 7569.97541656 -155.632770713 12 34 5 6368 1.0
984 153671.194807 13507.8398713 4222.54610154 -156.200034743 12 37 1 6977 1.0
985 148134.246475 1981.73158538 2980.61340408 -156.167593873 12 37 2 6961 1.0
986 162116.206432 -9406.87681691 10260.3416669 -157.512677127 12 40 6 7742 1.0
987 146608.75117 -29515.4269186 6629.53917099 -157.3211738 12 42 6 7935 1.0
988 149077.970532 -27749.3281199 9033.68155487 -157.393579542 12 31 6 5905 1.0
989 137159.376808 -57088.6590655 11372.1205944 -158.082028632 12 45 5 8348 1.0
990 157143.005434 -53027.9540409 11444.2267407 -158.891525363 12 40 5 7695 1.0
991 150998.93444 -83001.8247811 8215.92148193 -159.899178989 12 34 1 6469 1.0
992 144475.219886 -91037.6508129 7452.27687204 -160.000133129 12 44 1 8254 1.0
993 145576.538247 -105920.566301 2509.06111702 -160.70833925 12 41 4 7767 1.0
994 144915.334432 -116976.71308 6942.34887006 -161.173387739 12 39 1 7504 1.0
995 160629.300353 64333.4803842 7394.05758786 -155.88953306 12 36 1 6906 1.0
996 151783.690443 55475.5006023 6423.68146762 -155.199124622 12 35 2 6586 1.0
997 155205.158475 49071.1084719 9951.31638157 -155.560086923 12 37 2 6963 1.0
998 149802.694745 26422.3550893 9136.61358116 -155.543822243 12 30 2 5625 1.0
999 170812.823773 17017.8880406 6962.99653252 -157.345709376 12 29 1 5624 1.0
