7856.40646054999979 70986.13953570000012 0 211
1856.40646055000002 57569.73167069999909 1 195
7856.40646054999979 44153.32380569999805 2 181
1856.40646055000002 30736.91594070000065 3 165
7856.40646054999979 17320.50807569999961 4 151
1856.40646055000002 3904.10021069000004 5 135
7856.40646054999979 -9512.30765430999963 6 121
1856.40646055000002 -22928.71551929999987 7 105
7856.40646054999979 -36345.12338430000818 8 91
1856.40646055000002 -49761.53124930000195 9 75
7856.40646054999979 -63177.93911430000298 10 61
1856.40646055000002 -76594.34697929999675 11 45
7856.40646054999979 -90010.75484430001234 12 31
1856.40646055000002 -103427.16270899999654 13 15
7856.40646054999979 -116843.57057399999758 14 1
19856.40646059999926 70986.13953570000012 15 212
13856.40646060000108 57569.73167069999909 16 196
19856.40646059999926 44153.32380569999805 17 182
13856.40646060000108 30736.91594070000065 18 166
19856.40646059999926 17320.50807569999961 19 152
13856.40646060000108 3904.10021069000004 20 136
19856.40646059999926 -9512.30765430999963 21 122
13856.40646060000108 -22928.71551929999987 22 106
19856.40646059999926 -36345.12338430000818 23 92
13856.40646060000108 -49761.53124930000195 24 76
19856.40646059999926 -63177.93911430000298 25 62
13856.40646060000108 -76594.34697929999675 26 46
19856.40646059999926 -90010.75484430001234 27 32
13856.40646060000108 -103427.16270899999654 28 16
19856.40646059999926 -116843.57057399999758 29 2
31856.40646059999926 70986.13953570000012 30 213
25856.40646059999926 57569.73167069999909 31 197
31856.40646059999926 44153.32380569999805 32 183
25856.40646059999926 30736.91594070000065 33 167
31856.40646059999926 17320.50807569999961 34 153
25856.40646059999926 3904.10021069000004 35 137
31856.40646059999926 -9512.30765430999963 36 123
25856.40646059999926 -22928.71551929999987 37 107
31856.40646059999926 -36345.12338430000818 38 93
25856.40646059999926 -49761.53124930000195 39 77
31856.40646059999926 -63177.93911430000298 40 63
25856.40646059999926 -76594.34697929999675 41 47
31856.40646059999926 -90010.75484430001234 42 33
25856.40646059999926 -103427.16270899999654 43 17
31856.40646059999926 -116843.57057399999758 44 3
43856.40646060000290 70986.13953570000012 45 214
37856.40646060000290 57569.73167069999909 46 198
43856.40646060000290 44153.32380569999805 47 184
37856.40646060000290 30736.91594070000065 48 168
43856.40646060000290 17320.50807569999961 49 154
37856.40646060000290 3904.10021069000004 50 138
43856.40646060000290 -9512.30765430999963 51 124
37856.40646060000290 -22928.71551929999987 52 108
43856.40646060000290 -36345.12338430000818 53 94
37856.40646060000290 -49761.53124930000195 54 78
43856.40646060000290 -63177.93911430000298 55 64
37856.40646060000290 -76594.34697929999675 56 48
43856.40646060000290 -90010.75484430001234 57 34
37856.40646060000290 -103427.16270899999654 58 18
43856.40646060000290 -116843.57057399999758 59 4
55856.40646059999563 70986.13953570000012 60 215
49856.40646060000290 57569.73167069999909 61 199
55856.40646059999563 44153.32380569999805 62 185
49856.40646060000290 30736.91594070000065 63 169
55856.40646059999563 17320.50807569999961 64 155
49856.40646060000290 3904.10021069000004 65 139
55856.40646059999563 -9512.30765430999963 66 125
49856.40646060000290 -22928.71551929999987 67 109
55856.40646059999563 -36345.12338430000818 68 95
49856.40646060000290 -49761.53124930000195 69 79
55856.40646059999563 -63177.93911430000298 70 65
49856.40646060000290 -76594.34697929999675 71 49
55856.40646059999563 -90010.75484430001234 72 35
49856.40646060000290 -103427.16270899999654 73 19
55856.40646059999563 -116843.57057399999758 74 5
67856.40646059998835 70986.13953570000012 75 216
61856.40646059999563 57569.73167069999909 76 200
67856.40646059998835 44153.32380569999805 77 186
61856.40646059999563 30736.91594070000065 78 170
67856.40646059998835 17320.50807569999961 79 156
61856.40646059999563 3904.10021069000004 80 140
67856.40646059998835 -9512.30765430999963 81 126
61856.40646059999563 -22928.71551929999987 82 110
67856.40646059998835 -36345.12338430000818 83 96
61856.40646059999563 -49761.53124930000195 84 80
67856.40646059998835 -63177.93911430000298 85 66
61856.40646059999563 -76594.34697929999675 86 50
67856.40646059998835 -90010.75484430001234 87 36
61856.40646059999563 -103427.16270899999654 88 20
67856.40646059998835 -116843.57057399999758 89 6
79856.40646060000290 70986.13953570000012 90 217
73856.40646060000290 57569.73167069999909 91 201
79856.40646060000290 44153.32380569999805 92 187
73856.40646060000290 30736.91594070000065 93 171
79856.40646060000290 17320.50807569999961 94 157
73856.40646060000290 3904.10021069000004 95 141
79856.40646060000290 -9512.30765430999963 96 127
73856.40646060000290 -22928.71551929999987 97 111
79856.40646060000290 -36345.12338430000818 98 97
73856.40646060000290 -49761.53124930000195 99 81
79856.40646060000290 -63177.93911430000298 100 67
73856.40646060000290 -76594.34697929999675 101 51
79856.40646060000290 -90010.75484430001234 102 37
73856.40646060000290 -103427.16270899999654 103 21
79856.40646060000290 -116843.57057399999758 104 7
91856.40646060000290 70986.13953570000012 105 218
85856.40646060000290 57569.73167069999909 106 202
91856.40646060000290 44153.32380569999805 107 188
85856.40646060000290 30736.91594070000065 108 172
91856.40646060000290 17320.50807569999961 109 158
85856.40646060000290 3904.10021069000004 110 142
91856.40646060000290 -9512.30765430999963 111 128
85856.40646060000290 -22928.71551929999987 112 112
91856.40646060000290 -36345.12338430000818 113 98
85856.40646060000290 -49761.53124930000195 114 82
91856.40646060000290 -63177.93911430000298 115 68
85856.40646060000290 -76594.34697929999675 116 52
91856.40646060000290 -90010.75484430001234 117 38
85856.40646060000290 -103427.16270899999654 118 22
91856.40646060000290 -116843.57057399999758 119 8
103856.40646100000595 70986.13953570000012 120 219
97856.40646060000290 57569.73167069999909 121 203
103856.40646100000595 44153.32380569999805 122 189
97856.40646060000290 30736.91594070000065 123 173
103856.40646100000595 17320.50807569999961 124 159
97856.40646060000290 3904.10021069000004 125 143
103856.40646100000595 -9512.30765430999963 126 129
97856.40646060000290 -22928.71551929999987 127 113
103856.40646100000595 -36345.12338430000818 128 99
97856.40646060000290 -49761.53124930000195 129 83
103856.40646100000595 -63177.93911430000298 130 69
97856.40646060000290 -76594.34697929999675 131 53
103856.40646100000595 -90010.75484430001234 132 39
97856.40646060000290 -103427.16270899999654 133 23
103856.40646100000595 -116843.57057399999758 134 9
115856.40646099999140 70986.13953570000012 135 220
109856.40646099999140 57569.73167069999909 136 204
115856.40646099999140 44153.32380569999805 137 190
109856.40646099999140 30736.91594070000065 138 174
115856.40646099999140 17320.50807569999961 139 160
109856.40646099999140 3904.10021069000004 140 144
115856.40646099999140 -9512.30765430999963 141 130
109856.40646099999140 -22928.71551929999987 142 114
115856.40646099999140 -36345.12338430000818 143 100
109856.40646099999140 -49761.53124930000195 144 84
115856.40646099999140 -63177.93911430000298 145 70
109856.40646099999140 -76594.34697929999675 146 54
115856.40646099999140 -90010.75484430001234 147 40
109856.40646099999140 -103427.16270899999654 148 24
115856.40646099999140 -116843.57057399999758 149 10
127856.40646099999140 70986.13953570000012 150 221
121856.40646099999140 57569.73167069999909 151 205
127856.40646099999140 44153.32380569999805 152 191
121856.40646099999140 30736.91594070000065 153 175
127856.40646099999140 17320.50807569999961 154 161
121856.40646099999140 3904.10021069000004 155 145
127856.40646099999140 -9512.30765430999963 156 131
121856.40646099999140 -22928.71551929999987 157 115
127856.40646099999140 -36345.12338430000818 158 101
121856.40646099999140 -49761.53124930000195 159 85
127856.40646099999140 -63177.93911430000298 160 71
121856.40646099999140 -76594.34697929999675 161 55
127856.40646099999140 -90010.75484430001234 162 41
121856.40646099999140 -103427.16270899999654 163 25
127856.40646099999140 -116843.57057399999758 164 11
139856.40646099997684 70986.13953570000012 165 222
133856.40646099997684 57569.73167069999909 166 206
139856.40646099997684 44153.32380569999805 167 192
133856.40646099997684 30736.91594070000065 168 176
139856.40646099997684 17320.50807569999961 169 162
133856.40646099997684 3904.10021069000004 170 146
139856.40646099997684 -9512.30765430999963 171 132
133856.40646099997684 -22928.71551929999987 172 116
139856.40646099997684 -36345.12338430000818 173 102
133856.40646099997684 -49761.53124930000195 174 86
139856.40646099997684 -63177.93911430000298 175 72
133856.40646099997684 -76594.34697929999675 176 56
139856.40646099997684 -90010.75484430001234 177 42
133856.40646099997684 -103427.16270899999654 178 26
139856.40646099997684 -116843.57057399999758 179 12
151856.40646099997684 70986.13953570000012 180 223
145856.40646099997684 57569.73167069999909 181 207
151856.40646099997684 44153.32380569999805 182 193
145856.40646099997684 30736.91594070000065 183 177
151856.40646099997684 17320.50807569999961 184 163
145856.40646099997684 3904.10021069000004 185 147
151856.40646099997684 -9512.30765430999963 186 133
145856.40646099997684 -22928.71551929999987 187 117
151856.40646099997684 -36345.12338430000818 188 103
145856.40646099997684 -49761.53124930000195 189 87
151856.40646099997684 -63177.93911430000298 190 73
145856.40646099997684 -76594.34697929999675 191 57
151856.40646099997684 -90010.75484430001234 192 43
145856.40646099997684 -103427.16270899999654 193 27
151856.40646099997684 -116843.57057399999758 194 13
163856.40646099997684 70986.13953570000012 195 224
157856.40646099997684 57569.73167069999909 196 208
163856.40646099997684 44153.32380569999805 197 194
157856.40646099997684 30736.91594070000065 198 178
163856.40646099997684 17320.50807569999961 199 164
